Jeep,Renegade,71,10595.00,31221.00,22745.86,2015|2016|2017|2019|2020
Subaru,WRX STI,8,23995.00,46995.00,33089.75,2016|2017|2018|2019
Land Rover,Discovery,12,62020.00,80380.00,68868.75,2020
Land Rover,Range Rover Velar,11,51600.00,97525.00,71740.00,2018|2020
BMW,3 Series,131,2000.00,61580.00,29821.52,1996|2002|2004|2006|2007|2009|2011|2012|2013|2014|2016|2017|2018|2019|2020|2021
Mazda,CX-5,213,7703.00,37520.00,26217.66,2013|2014|2015|2016|2017|2018|2019|2020
Chevrolet,Malibu,44,2999.00,25875.00,15572.23,2006|2009|2014|2015|2016|2017|2018|2019|2020
Jeep,Grand Cherokee,299,2499.00,79995.00,28365.28,2000|2001|2004|2005|2006|2007|2008|2009|2010|2011|2012|2013|2014|2015|2016|2017|2018|2019|2020
Jeep,Compass,179,3999.00,32983.00,25440.90,2011|2012|2014|2015|2016|2017|2018|2019|2020|2021
Subaru,Impreza,37,1500.00,28465.00,15937.65,2007|2009|2011|2012|2013|2014|2015|2016|2017|2018|2019|2020
Hyundai,Veloster,8,5999.00,20591.00,16250.62,2012|2017|2019|2020
Chevrolet,Equinox,217,3099.00,33442.00,22479.30,2005|2007|2010|2011|2012|2013|2014|2015|2016|2017|2018|2019|2020
Land Rover,Range Rover Sport,26,6999.00,135465.00,50175.04,2007|2009|2011|2012|2014|2015|2016|2017|2018|2020
Chevrolet,Silverado 1500,88,3800.00,53500.00,29584.30,1999|2003|2004|2005|2006|2007|2008|2009|2010|2011|2012|2013|2016|2017|2018|2019|2020
Mercedes-Benz,GLC-Class,27,22000.00,64800.00,33531.89,2016|2017|2018|2019
Ford,Explorer,151,2999.00,58680.00,31586.80,2004|2005|2006|2007|2009|2010|2011|2012|2013|2014|2015|2016|2017|2018|2019|2020
Lincoln,Navigator,17,8995.00,93190.00,62315.00,2007|2008|2015|2017|2018|2019|2020
Subaru,Outback,50,3099.00,38705.00,22557.70,2006|2007|2009|2010|2011|2012|2015|2016|2017|2018|2019|2020
Mercedes-Benz,GLE-Class,44,23695.00,78800.00,37897.75,2016|2017|2018|2019|2020
Hyundai,Tucson,270,3995.00,35355.00,23789.34,2008|2012|2013|2014|2015|2016|2017|2018|2019|2020|2021
BMW,2 Series,13,23500.00,44245.00,39738.69,2017|2018|2020|2021
Chrysler,Pacifica,49,16950.00,40479.00,28200.88,2017|2018|2019|2020
Chevrolet,Suburban,37,8199.00,54000.00,35756.49,2009|2011|2012|2013|2014|2015|2016|2017|2018|2019|2020
Chevrolet,Camaro,19,11900.00,38336.00,25200.26,2010|2012|2013|2014|2015|2016|2017|2018|2019|2020
Chevrolet,Trax,43,10495.00,23247.00,20022.09,2015|2016|2017|2018|2019|2020|2021
Audi,SQ5,5,36500.00,48995.00,42455.00,2017|2018|2019
Jaguar,E-PACE,3,60743.00,65375.00,63059.00,2020
Nissan,Maxima,26,999.00,31920.00,18786.35,2001|2012|2016|2017|2018|2020
Jeep,Cherokee,107,11700.00,39275.00,26279.79,2014|2015|2016|2017|2018|2019|2020|2021
Mercedes-Benz,C-Class,78,2499.00,76200.00,24080.28,2002|2005|2006|2007|2010|2011|2012|2013|2014|2015|2016|2017|2018|2019|2020
Volkswagen,Tiguan,129,5550.00,41464.00,28070.85,2009|2010|2011|2012|2013|2016|2017|2018|2019|2020
Land Rover,Range Rover Hybrid,2,101737.00,107750.00,104743.50,2020
Ford,F-350 Super Duty,23,11995.00,71969.00,43157.83,2002|2008|2009|2014|2015|2016|2017|2019|2020
Chevrolet,Colorado,36,4199.00,39488.00,24043.06,2005|2006|2007|2011|2015|2016|2017|2018|2020|2021
Nissan,Pathfinder,26,4199.00,26999.00,18200.92,2006|2008|2013|2014|2015|2016|2017|2018|2019|2020
Chevrolet,Tahoe,37,3199.00,65945.00,34339.78,2005|2007|2008|2009|2010|2011|2013|2014|2015|2016|2017|2019|2020|2021
Chevrolet,Blazer,11,7990.00,47291.00,34478.55,1999|2019|2020
Kia,Sorento,69,5399.00,41045.00,21720.28,2011|2013|2014|2015|2016|2017|2018|2019|2020
RAM,1500,104,13900.00,67580.00,36805.45,2011|2012|2013|2014|2015|2016|2017|2018|2019|2020
Dodge,Challenger,46,9900.00,94575.00,35530.96,2009|2010|2012|2013|2015|2016|2017|2018|2019|2020
Chevrolet,Impala,23,2499.00,21995.00,11318.52,2000|2001|2006|2007|2008|2010|2011|2012|2013|2015|2016|2017|2018|2019
Porsche,Cayenne,9,8999.00,69995.00,30406.89,2008|2012|2013|2014|2016|2017|2019
Jaguar,F-PACE,10,27795.00,41995.00,31912.70,2017|2018|2019
Mercedes-Benz,GLK-Class,11,8990.00,29995.00,15617.73,2010|2012|2014|2015
BMW,5 Series,102,4495.00,88535.00,37208.25,2007|2008|2011|2012|2013|2014|2015|2016|2017|2018|2019|2020|2021
Honda,Pilot,49,2750.00,37495.00,18246.78,2004|2005|2006|2007|2009|2010|2011|2012|2013|2014|2015|2016|2017|2019|2020
Ford,E-Series,14,3499.00,15995.00,9974.50,2003|2005|2006|2007|2008|2009|2011|2012|2014
Chrysler,Town & Country,19,2999.00,26900.00,9371.63,2004|2007|2008|2009|2010|2011|2012|2013|2014|2015|2016
Nissan,Altima,79,1899.00,25995.00,13204.54,2004|2005|2006|2007|2008|2009|2010|2011|2012|2013|2014|2015|2016|2017|2018|2019|2020
Ford,Transit Connect,38,4999.00,31785.00,24028.29,2011|2012|2015|2017|2018|2019|2020
BMW,X3,70,7500.00,56895.00,34961.83,2007|2013|2014|2015|2016|2017|2018|2019|2020|2021
Mercedes-Benz,E-Class,66,3999.00,77600.00,29064.27,2005|2008|2009|2011|2012|2013|2014|2015|2016|2017|2018|2019
Audi,A4,37,3995.00,34990.00,19357.68,2005|2007|2008|2009|2010|2011|2012|2013|2014|2015|2016|2017|2018|2019
Nissan,Rogue Sport,11,13995.00,21900.00,17388.55,2017|2018|2019
Kia,Soul EV,2,13000.00,13000.00,13000.00,2016|2017
Subaru,WRX,13,19995.00,35886.00,24039.46,2015|2017|2018|2020
Hyundai,Sonata,184,1999.00,35060.00,23537.31,2005|2006|2011|2012|2013|2014|2015|2016|2017|2018|2019|2020
Porsche,Panamera Hybrid,1,26995.00,26995.00,26995.00,2013
Jeep,Patriot,15,5900.00,16995.00,10755.00,2010|2011|2013|2014|2015|2016|2017
Mercedes-Benz,GL-Class,9,14990.00,31995.00,20704.56,2012|2013|2014|2015
Lexus,LS 460,3,26000.00,41995.00,32328.67,2014|2017
BMW,X4,13,22786.00,67895.00,43467.15,2015|2016|2017|2018|2021
Honda,Civic Coupe,10,1999.00,17995.00,7226.80,2003|2006|2007|2008|2010|2012|2013|2017
INFINITI,G35,3,2899.00,7499.00,5465.67,2005|2006|2007
Mercedes-Benz,Sprinter,1,24000.00,24000.00,24000.00,2015
Audi,Q5,30,9995.00,39995.00,24689.67,2009|2011|2012|2014|2015|2016|2017|2018|2019
GMC,Canyon,12,3999.00,43482.00,22771.00,2004|2005|2007|2008|2010|2015|2017|2018|2020
Dodge,Journey,23,3699.00,25339.00,16278.96,2010|2011|2013|2014|2015|2016|2017|2018|2019|2020
Acura,MDX,20,4495.00,44888.00,20610.40,2005|2006|2007|2008|2010|2015|2016|2017|2019
Toyota,Tacoma,28,6999.00,42900.00,28113.18,1999|2007|2008|2010|2015|2016|2017|2018|2019|2020
Nissan,Titan,7,4199.00,34900.00,17083.14,2004|2005|2011|2016|2018
Audi,A3,16,8990.00,30900.00,19713.25,2007|2015|2016|2017|2018|2019
Maserati,Levante,4,34895.00,47995.00,43470.00,2017|2018
Ford,F-150,220,2999.00,73795.00,36662.97,2001|2002|2003|2004|2005|2006|2007|2008|2009|2010|2011|2012|2013|2014|2015|2016|2017|2018|2019|2020
GMC,Savana Cargo,3,4999.00,36831.00,17075.00,2005|2011|2020
Acura,RSX,1,4999.00,4999.00,4999.00,2002
Jeep,Liberty,14,2500.00,11888.00,6617.07,2002|2004|2005|2007|2010|2011|2012
Toyota,Camry,72,2200.00,30900.00,12824.01,1998|2002|2003|2004|2005|2007|2008|2009|2010|2011|2012|2013|2015|2016|2017|2018|2019|2020
GMC,Yukon XL,19,10995.00,59743.00,38964.16,2007|2010|2016|2017|2018|2019|2020
Mercedes-Benz,S-Class,23,4499.00,79950.00,39929.87,2000|2008|2009|2010|2012|2013|2014|2015|2016|2017|2018|2019
Mercedes-Benz,S-Class Coupe,2,48895.00,66950.00,57922.50,2016
Cadillac,CTS,12,4999.00,51268.00,24663.17,2008|2011|2012|2017|2019
Ford,Edge,146,2999.00,47178.00,30038.75,2007|2008|2009|2010|2011|2012|2013|2014|2015|2016|2017|2018|2019|2020
Subaru,XV Crosstrek,9,7999.00,16923.00,12752.33,2013|2014|2015
GMC,Acadia,26,9000.00,49474.00,22660.46,2011|2012|2013|2014|2015|2016|2017|2018|2020
INFINITI,Q70,1,24550.00,24550.00,24550.00,2016
Kia,Sportage,118,3995.00,35895.00,24600.01,2007|2011|2014|2015|2016|2017|2018|2019|2020|2021
Toyota,RAV4,88,3999.00,36182.00,17714.90,1999|2004|2006|2007|2008|2009|2010|2011|2012|2014|2015|2016|2017|2018|2019|2020
Ford,Escape,223,1999.00,39362.00,23512.88,2005|2009|2010|2011|2012|2013|2014|2015|2016|2017|2018|2019|2020
Chevrolet,Silverado 3500HD,3,34900.00,51288.00,45649.00,2016|2018|2019
Kia,Sedona,35,3999.00,31080.00,24885.71,2009|2010|2015|2016|2017|2018|2019|2020|2021
Honda,Odyssey,33,2995.00,34250.00,14596.79,2003|2006|2007|2008|2009|2010|2011|2012|2013|2014|2016|2017|2018|2019
Mercedes-Benz,SL-Class,9,8999.00,62995.00,38500.11,1995|2002|2003|2013|2017
Lincoln,MKZ Hybrid,3,9995.00,14782.00,12389.00,2013|2014|2017
Volkswagen,Golf,12,8989.00,25709.00,17816.92,2011|2013|2017|2018|2020
Cadillac,CTS-V,1,45949.00,45949.00,45949.00,2013
Hyundai,Santa Fe Sport,45,9995.00,28491.00,17521.60,2013|2014|2015|2016|2017|2018
Kia,Niro,20,15500.00,28675.00,22848.60,2017|2018|2020
Ford,Fusion,292,3995.00,36892.00,22806.26,2009|2010|2012|2013|2014|2015|2016|2017|2018|2019|2020
Ford,Focus,30,1999.00,16200.00,7985.27,2004|2005|2006|2007|2008|2009|2010|2011|2012|2013|2015|2016|2017
Volkswagen,Arteon,4,36894.00,45149.00,40257.75,2019|2020
Toyota,Highlander Hybrid,6,14999.00,44498.00,35778.50,2013|2017|2020
Lincoln,MKZ,88,2999.00,50052.00,36559.12,2007|2016|2017|2018|2019|2020
GMC,Sierra 1500,25,7900.00,61440.00,33419.60,2006|2008|2011|2013|2015|2016|2017|2018|2019|2020
Volvo,XC70,5,3750.00,26788.00,12744.40,2007|2009|2015|2016
Toyota,Prius v,2,9832.00,12993.00,11412.50,2013
Dodge,Nitro,1,7999.00,7999.00,7999.00,2011
RAM,2500,15,25985.00,66092.00,51646.47,2011|2017|2018|2020
Subaru,Crosstrek,26,12995.00,29014.00,22292.19,2016|2017|2018|2019|2020|2021
Ford,Taurus,11,2250.00,26995.00,11028.55,2002|2003|2009|2011|2013|2014|2015|2017
Toyota,Corolla,51,2987.00,20733.00,13113.18,2004|2005|2007|2008|2009|2010|2011|2012|2014|2015|2016|2017|2018|2019|2020|2021
Nissan,Xterra,7,4999.00,19995.00,10773.86,2007|2009|2010|2011|2014|2015
Toyota,4Runner,15,6250.00,45208.00,33294.47,2005|2008|2011|2015|2016|2017|2018|2019|2020|2021
Kia,Cadenza,4,20308.00,32572.00,25791.25,2016|2017|2019
Hyundai,Elantra GT,8,8223.00,21925.00,16956.38,2013|2014|2018|2020
Honda,HR-V,17,13599.00,20995.00,17807.88,2016|2017|2018|2019
Subaru,Legacy,29,4499.00,31241.00,18307.83,2010|2011|2012|2013|2014|2015|2016|2017|2018|2020
Jeep,Wrangler,14,11695.00,37173.00,22830.64,2004|2010|2011|2013|2014|2015|2018|2020
RAM,ProMaster,9,15985.00,30029.00,23604.00,2014|2020
Lincoln,MKC,21,21991.00,29899.00,25082.05,2017|2018
Honda,Ridgeline,3,5399.00,6999.00,6199.00,2006|2007|2008
Volvo,C70,1,4250.00,4250.00,4250.00,2004
Acura,TLX,11,17813.00,31950.00,23505.00,2015|2016|2017|2018|2019
INFINITI,EX35,1,5750.00,5750.00,5750.00,2010
Cadillac,XT6,18,50597.00,59528.00,54722.89,2020
INFINITI,QX50,4,14995.00,25488.00,19298.75,2015|2016|2017
Cadillac,DTS,4,3999.00,9990.00,6434.50,2006|2008
Chrysler,New Yorker,1,2999.00,2999.00,2999.00,1989
Mercury,Milan,3,5499.00,5999.00,5749.33,2010
Toyota,Sequoia,6,4499.00,61828.00,33113.83,2001|2007|2008|2018|2020
Toyota,FJ Cruiser,3,9999.00,27816.00,19603.33,2007|2010|2012
Volkswagen,Routan,3,4999.00,10990.00,8094.67,2009|2010|2011
Lexus,ES 350,24,7995.00,31995.00,23997.17,2007|2009|2011|2012|2015|2016|2017|2018
INFINITI,G37,7,9999.00,15977.00,12564.43,2008|2011|2013
Chevrolet,El Camino,1,9250.00,9250.00,9250.00,1978
Volvo,XC90,58,3999.00,82375.00,54768.43,2008|2013|2017|2018|2019|2020|2021
Dodge,Avenger,3,3995.00,7495.00,5746.67,2012|2013|2014
Kia,Niro Hybrid Plug-In,2,32595.00,34545.00,33570.00,2020
Jaguar,S-TYPE,1,5999.00,5999.00,5999.00,2000
Chevrolet,Trailblazer,5,1499.00,27995.00,16716.20,2002|2005|2021
Volkswagen,Jetta SportWagen,1,3499.00,3499.00,3499.00,2009
Honda,Accord Coupe,8,1499.00,19888.00,8365.62,2002|2003|2005|2006|2012|2017
Kia,Niro EV,1,34995.00,34995.00,34995.00,2019
Toyota,Matrix,1,8488.00,8488.00,8488.00,2010
Kia,Telluride,13,35995.00,48080.00,43245.08,2020|2021
Jeep,Gladiator,12,37098.00,58127.00,46424.42,2020|2021
Honda,Accord Hybrid,1,21781.00,21781.00,21781.00,2018
Chrysler,PT Cruiser,2,2250.00,4999.00,3624.50,2002|2006
Acura,TL,3,2500.00,14900.00,9466.33,2005|2012|2014
Saab,9-5,1,2500.00,2500.00,2500.00,2004
Toyota,Avalon,7,1999.00,19995.00,12002.14,2003|2011|2014|2015|2016|2017
Hyundai,Palisade,12,38070.00,49087.00,43585.25,2020|2021
BMW,M3,9,19995.00,53800.00,36495.44,2003|2005|2006|2008|2011|2017|2018
Volvo,S40,1,3999.00,3999.00,3999.00,2009
Ford,Ranger,27,2899.00,47800.00,23578.41,2001|2002|2003|2004|2005|2007|2009|2011|2019|2020
Volkswagen,Atlas,42,25995.00,51769.00,40391.10,2018|2019|2021
Mitsubishi,Eclipse,1,1999.00,1999.00,1999.00,2006
BMW,M4,11,40495.00,86795.00,52002.27,2015|2016|2017|2018|2019|2020
Mercedes-Benz,Metris,5,17995.00,24995.00,21095.00,2016|2017|2018|2019
MINI,Cooper,5,5999.00,15995.00,10915.80,2009|2010|2013|2015
Audi,S4,9,10949.00,44988.00,29899.44,2005|2009|2014|2018
Chevrolet,Malibu Maxx,2,1500.00,2995.00,2247.50,2004|2005
BMW,3 Series Gran Turismo,11,16995.00,37995.00,25399.00,2015|2016|2017|2018
Chevrolet,Bolt EV,2,34010.00,34010.00,34010.00,2020
Audi,A8,5,19990.00,59995.00,34374.00,2013|2015|2016|2018|2019
BMW,5 Series Gran Turismo,6,23900.00,32995.00,27863.33,2017
INFINITI,QX80,9,20995.00,51995.00,36794.44,2014|2017|2019
BMW,M5,7,31995.00,118995.00,75584.29,2012|2016|2018|2019|2021
Audi,RS 7,1,58900.00,58900.00,58900.00,2016
Nissan,Sentra,38,2399.00,16999.00,11784.97,2007|2011|2013|2014|2015|2016|2017|2018|2019
Audi,S3,5,28900.00,35995.00,30899.00,2015|2017|2019
Audi,Q3,5,21990.00,30990.00,26752.00,2016|2017|2018
Ford,F-250 Super Duty,37,5899.00,71500.00,36086.30,1999|2000|2001|2006|2008|2010|2011|2012|2014|2015|2016|2017|2019|2020
BMW,6 Series Gran Turismo,1,37995.00,37995.00,37995.00,2018
RAM,5500 Chassis,2,39995.00,54563.00,47279.00,2013|2020
Acura,MDX Hybrid Sport,1,31995.00,31995.00,31995.00,2018
Porsche,Macan,6,25950.00,67900.00,43722.50,2015|2017|2018|2019
BMW,1 Series,2,10995.00,14495.00,12745.00,2012|2013
Buick,Encore,11,10990.00,20987.00,16826.64,2013|2014|2016|2017|2018|2019
Chevrolet,Cruze Limited,2,8495.00,10900.00,9697.50,2016
Hyundai,Elantra Touring,4,1999.00,8030.00,6252.75,2009|2011|2012
BMW,X5 M,8,20995.00,123795.00,92813.38,2012|2017|2020|2021
Volkswagen,Golf R,1,29990.00,29990.00,29990.00,2017
Chevrolet,C/K 1500,1,2899.00,2899.00,2899.00,1997
Lexus,CT Hybrid,1,8995.00,8995.00,8995.00,2013
Lincoln,Continental,19,19900.00,89625.00,38731.68,2017|2018|2019|2020
INFINITI,QX70,3,27800.00,29995.00,28565.00,2016|2017
Nissan,Versa,10,1899.00,9902.00,4512.50,2007|2008|2009|2010|2011|2013|2015|2019
Toyota,Tundra,19,4499.00,43973.00,21608.63,2002|2005|2006|2007|2008|2010|2014|2015|2016|2018|2021
Ford,Focus RS,1,29990.00,29990.00,29990.00,2016
Audi,A4 Avant,2,3795.00,10990.00,7392.50,2008|2010
Chevrolet,Caprice,1,4999.00,4999.00,4999.00,1993
Maserati,GranTurismo,2,35000.00,35691.00,35345.50,2010|2011
Saturn,ION,1,4499.00,4499.00,4499.00,2004
BMW,M6,4,20995.00,57800.00,41647.50,2009|2014|2017
Audi,TTS,1,41990.00,41990.00,41990.00,2018
Mercedes-Benz,AMG GT,3,71800.00,89900.00,78898.33,2016|2017|2019
Chevrolet,Sonic,4,6495.00,18139.00,9589.75,2015|2020
Nissan,Cube,1,5300.00,5300.00,5300.00,2010
Hyundai,Sonata Hybrid,6,8995.00,29480.00,18094.83,2014|2015|2017|2019|2020
Ford,Transit Cargo,10,13900.00,42605.00,32855.00,2015|2016|2018|2019|2020
Dodge,Stratus,1,1999.00,1999.00,1999.00,2004
Tesla,Model S,6,35995.00,55995.00,47660.83,2013|2015|2016|2017
Fisker,Karma,1,33800.00,33800.00,33800.00,2012
INFINITI,M37,3,10146.00,11995.00,11373.67,2011|2012|2013
BMW,X7,17,63995.00,115045.00,87116.18,2019|2020|2021
Lincoln,Corsair,50,40057.00,56364.00,44658.26,2020
Volvo,XC40,23,36698.00,48060.00,43492.96,2019|2020|2021
BMW,M2,3,41800.00,61095.00,53565.00,2018|2020|2021
BMW,X4 M,2,73900.00,86495.00,80197.50,2020
Toyota,C-HR,5,18990.00,26309.00,21021.20,2018|2020
Pontiac,G8,1,29995.00,29995.00,29995.00,2009
INFINITI,QX60 Hybrid,1,14995.00,14995.00,14995.00,2014
Porsche,Cayenne E-Hybrid,2,43995.00,76900.00,60447.50,2017|2019
Lincoln,Nautilus,50,35995.00,64269.00,51167.40,2019|2020
INFINITI,Q50,25,15990.00,37400.00,24406.16,2015|2017|2018|2019|2020
Honda,Passport,1,37491.00,37491.00,37491.00,2019
Lexus,RX,4,35658.00,41500.00,38762.00,2018|2019
Genesis,G70,17,36491.00,51870.00,44423.12,2019|2020|2021
Nissan,Frontier,5,8495.00,25888.00,16773.60,2007|2011|2013|2017
Lexus,GX,10,16495.00,53900.00,37704.10,2010|2012|2016|2017|2018|2019
Audi,Q8,2,63800.00,71681.00,67740.50,2019
Chevrolet,Avalanche,2,14985.00,28888.00,21936.50,2013
Dodge,Dakota,8,2799.00,7995.00,5460.00,2002|2003|2004|2006|2007|2009
Volvo,S90,5,25995.00,63205.00,40436.60,2017|2019|2020
Mitsubishi,Mirage G4,8,10216.00,15618.00,13932.62,2019|2020
MINI,Countryman,3,11495.00,24505.00,17831.67,2012|2016|2017
Toyota,86,1,30566.00,30566.00,30566.00,2020
Ferrari,California T,1,129714.00,129714.00,129714.00,2015
Kia,Optima Hybrid,1,9495.00,9495.00,9495.00,2013
Mitsubishi,Outlander Hybrid Plug-in,1,34607.00,34607.00,34607.00,2020
Pontiac,Vibe,1,3995.00,3995.00,3995.00,2004
Pontiac,Grand Prix,1,2499.00,2499.00,2499.00,2004
Lamborghini,Huracan,1,169950.00,169950.00,169950.00,2018
Subaru,BRZ,3,14995.00,22888.00,19792.67,2013|2017
Hyundai,Ioniq Hybrid Plug-In,2,22991.00,30545.00,26768.00,2019
Lincoln,Town Car,4,2500.00,9885.00,5596.00,1993|2003|2008|2009
Cadillac,ELR,1,18950.00,18950.00,18950.00,2014
Honda,Crosstour,1,11950.00,11950.00,11950.00,2013
Subaru,Impreza WRX,3,11495.00,16999.00,14831.00,2005|2013
Kia,Forte Koup,1,5895.00,5895.00,5895.00,2013
INFINITI,Q40,1,16495.00,16495.00,16495.00,2015
Land Rover,LR2,1,14495.00,14495.00,14495.00,2013
Ford,F-450 Super Duty,4,12800.00,78900.00,44623.75,2007|2011|2018|2019
Lexus,RX 400h,1,10885.00,10885.00,10885.00,2008
Alfa Romeo,Stelvio,5,28450.00,32695.00,30926.00,2018|2019
Lexus,IS,8,23199.00,30985.00,28702.62,2016|2017
Ford,C-Max Energi,2,13995.00,16030.00,15012.50,2017
Volkswagen,Atlas Cross Sport,34,33785.00,51335.00,41836.44,2020
Porsche,911,3,21675.00,132895.00,76521.67,1999|2014|2016
Jaguar,XF,2,20995.00,24895.00,22945.00,2016|2017
Bentley,Continental GTC,2,52995.00,62985.00,57990.00,2007|2008
Tesla,Model 3,1,49895.00,49895.00,49895.00,2019
Toyota,Corolla iM,2,16215.00,16432.00,16323.50,2018
Toyota,Camry Solara,1,7995.00,7995.00,7995.00,2007
Nissan,LEAF,3,9995.00,22995.00,18328.33,2016|2019
BMW,X2,15,38988.00,46230.00,43352.73,2020|2021
Ford,Escape Hybrid,16,7499.00,36306.00,30532.44,2009|2020
Toyota,Venza,3,10995.00,42869.00,22451.33,2010|2013|2021
Lexus,ES,1,36995.00,36995.00,36995.00,2019
Scion,tC,1,9272.00,9272.00,9272.00,2015
Ford,F-350 Super Duty Chassis,7,16995.00,53980.00,35859.86,2010|2012|2014|2016|2020
Subaru,Ascent,14,26995.00,41207.00,32621.29,2019|2021
Chevrolet,Silverado Classic 2500HD,1,11900.00,11900.00,11900.00,2007
Mitsubishi,Lancer Evolution,1,34995.00,34995.00,34995.00,2015
Lexus,NX,4,31886.00,33876.00,32989.00,2018|2019
Kia,Optima Hybrid Plug-In,1,16495.00,16495.00,16495.00,2017
Ford,Focus Electric,1,12995.00,12995.00,12995.00,2017
Dodge,RAM 3500,3,10995.00,22995.00,17328.33,2002|2005|2007
BMW,i3,8,11995.00,29998.00,19307.00,2014|2015|2016|2017|2018|2019
Buick,Envision,6,20995.00,46995.00,31365.33,2017|2020
Chevrolet,Spark,1,7975.00,7975.00,7975.00,2015
Bentley,Continental GT,2,71995.00,114995.00,93495.00,2013|2016
Ford,Excursion,1,10995.00,10995.00,10995.00,2003
Porsche,944,1,10995.00,10995.00,10995.00,1986
Chevrolet,Silverado 3500,1,12995.00,12995.00,12995.00,2003
Mercedes-Benz,B-Class,1,15995.00,15995.00,15995.00,2017
Honda,Clarity Hybrid Plug-In,1,21995.00,21995.00,21995.00,2019
Mercedes-Benz,SLC-Class,1,37995.00,37995.00,37995.00,2017
Mercedes-Benz,GLB-Class,1,37995.00,37995.00,37995.00,2020
Nissan,Altima Coupe,1,8990.00,8990.00,8990.00,2009
Buick,Cascada,1,23000.00,23000.00,23000.00,2017
Lexus,LS 500,1,52995.00,52995.00,52995.00,2018
Bentley,Mulsanne,1,107995.00,107995.00,107995.00,2012
Nissan,Quest,1,9800.00,9800.00,9800.00,2012
Hummer,H3,2,9900.00,11995.00,10947.50,2007|2008
Kia,Amanti,1,2899.00,2899.00,2899.00,2004
