Land Rover,Discovery Sport,24,20995.00,75899.00,48747.83,2016|2017|2019|2020
Mazda,MAZDA3,70,2900.00,32595.00,19210.83,2005|2007|2008|2010|2011|2013|2014|2015|2016|2017|2018|2019|2020|2021
Land Rover,Range Rover Evoque,24,23995.00,84399.00,50660.46,2016|2017|2020
Alfa Romeo,4C,1,97579.00,97579.00,97579.00,2015
Mazda,CX-3,25,13800.00,29295.00,20318.20,2017|2018|2019|2020
Hyundai,Elantra,136,3995.00,27605.00,14544.51,2007|2008|2009|2010|2011|2012|2013|2014|2015|2016|2017|2018|2019|2020
Lexus,RC 350,1,32000.00,32000.00,32000.00,2018
Chevrolet,Traverse,68,5900.00,41345.00,25385.16,2011|2012|2013|2015|2016|2017|2018|2020
Cadillac,XT4,9,31339.00,46896.00,40496.67,2019|2020
Chrysler,200,11,3599.00,13500.00,9592.45,2013|2014|2015|2016
Jeep,Wrangler Unlimited,108,12499.00,88500.00,35301.05,2007|2008|2009|2010|2011|2012|2013|2014|2015|2016|2017|2018|2019|2020|2021
Dodge,Durango,109,1595.00,56995.00,32689.26,2000|2008|2011|2012|2013|2014|2015|2016|2017|2018|2019|2020
Mercedes-Benz,CLA-Class,11,13999.00,32995.00,22331.00,2014|2015|2016|2017|2018|2020
Dodge,Charger,64,7990.00,69900.00,31080.45,2010|2012|2013|2015|2016|2017|2018|2019|2020
Nissan,Rogue,80,3995.00,23995.00,14849.48,2008|2009|2010|2011|2012|2013|2014|2015|2016|2017|2018|2019|2020
Honda,Civic,62,999.00,21990.00,12330.98,1996|2004|2006|2007|2008|2009|2010|2011|2012|2013|2014|2015|2016|2017|2018|2019
Lexus,RX 350,35,8399.00,37995.00,31365.46,2009|2010|2012|2013|2015|2016|2017
Kia,Optima,61,7500.00,30350.00,16377.89,2012|2013|2014|2015|2016|2017|2018|2019|2020
BMW,4 Series,33,18492.00,47553.00,27064.42,2015|2016|2017|2018|2020
Cadillac,Escalade,13,17495.00,87908.00,50594.85,2010|2011|2015|2016|2017|2018|2019|2020
Chevrolet,Cruze,43,4900.00,18000.00,11058.53,2011|2012|2013|2014|2015|2016|2017|2018|2019
Mazda,MAZDA6,27,3699.00,37140.00,21771.70,2011|2014|2016|2017|2018|2019|2020
Land Rover,Defender,1,64615.00,64615.00,64615.00,2020
Land Rover,Range Rover,9,31995.00,119590.00,67942.67,2013|2014|2015|2016|2017|2020
Mazda,CX-9,36,8495.00,53095.00,30629.69,2009|2010|2011|2012|2013|2015|2016|2017|2018|2019|2020
Cadillac,SRX,12,2497.00,25497.00,11562.17,2004|2008|2010|2011|2012|2013|2014|2016
Ford,Mustang,42,4499.00,49105.00,26527.69,1987|2006|2007|2008|2012|2014|2015|2016|2017|2018|2019|2020
BMW,X5,83,3800.00,103195.00,46316.40,2006|2009|2010|2011|2012|2013|2014|2015|2016|2017|2018|2019|2020|2021
Chevrolet,Silverado 2500HD,12,6499.00,77744.00,33904.50,2002|2009|2010|2013|2016|2017|2019|2020
Audi,R8,3,59495.00,159999.00,103163.00,2011|2014|2018
BMW,X6 M,2,25495.00,26995.00,26245.00,2011|2013
Volkswagen,GTI,16,14928.00,38874.00,26135.38,2016|2017|2018|2019|2020
BMW,7 Series,26,16495.00,113995.00,62599.08,2011|2013|2015|2017|2018|2020|2021
Lexus,IS 350,2,15999.00,23995.00,19997.00,2014|2016
Toyota,Prius,18,2999.00,26489.00,10987.22,2004|2005|2008|2010|2011|2013|2016|2017|2018|2021
Dodge,Grand Caravan,27,2250.00,29980.00,11867.48,2004|2006|2008|2009|2010|2012|2014|2016|2017|2018|2019
Hyundai,Santa Fe,67,3599.00,41500.00,29039.18,2007|2008|2012|2013|2017|2018|2019|2020
BMW,X1,42,11500.00,43745.00,32385.98,2014|2016|2017|2018|2020|2021
Honda,Accord,75,2495.00,25295.00,14398.36,2004|2005|2006|2007|2008|2009|2010|2012|2013|2014|2015|2016|2017|2018|2019
Mercedes-Benz,CLS-Class,8,8999.00,74800.00,41234.75,2006|2008|2014|2015|2017|2019|2020
Volkswagen,Passat,71,3999.00,33069.00,22559.94,2006|2012|2013|2014|2015|2017|2018|2020
Audi,A5,7,7999.00,41495.00,22537.71,2010|2012|2013|2014|2018
Chevrolet,Volt,8,8995.00,22500.00,15703.75,2011|2015|2017
Cadillac,XT5,23,21995.00,52776.00,35765.30,2017|2018|2019|2020
Mercedes-Benz,M-Class,7,3750.00,21581.00,16755.14,2004|2013|2014|2015
Kia,Forte,50,3999.00,23210.00,15887.14,2010|2012|2014|2015|2017|2018|2019|2020
Cadillac,Escalade ESV,15,6999.00,86573.00,48177.00,2007|2010|2012|2014|2016|2018|2019|2020
Mercedes-Benz,G-Class,8,25995.00,207900.00,87321.88,2003|2014|2015|2017|2020
BMW,6 Series,15,22995.00,69988.00,31894.87,2013|2014|2015|2016|2017|2018
Cadillac,ATS,6,15995.00,25439.00,19149.33,2014|2016|2017
Mercedes-Benz,GLA-Class,16,15495.00,35995.00,24191.31,2015|2016|2017|2018|2020
BMW,X6,15,16895.00,95095.00,45042.67,2009|2013|2014|2016|2017|2018|2019|2020|2021
BMW,i8,4,48995.00,94800.00,68922.50,2015|2019
Porsche,Panamera,5,26995.00,99800.00,53116.00,2012|2015|2016|2018
Dodge,RAM 1500,8,4399.00,18993.00,7871.75,2004|2005|2007|2008|2009|2010
GMC,Terrain,36,5999.00,36460.00,22168.47,2010|2011|2012|2013|2015|2016|2017|2018|2019|2020
Ford,Fiesta,4,5999.00,13972.00,9240.25,2014|2015|2018
Audi,S6,6,39900.00,47400.00,43765.00,2017|2018
Mercedes-Benz,SLK-Class,1,22952.00,22952.00,22952.00,2012
FIAT,124 Spider,2,18999.00,21116.00,20057.50,2017|2018
Kia,Soul,56,4450.00,26075.00,16540.43,2013|2014|2015|2016|2017|2018|2019|2020|2021
Lexus,GS 350,7,10995.00,36138.00,25269.71,2008|2015|2016|2017|2018
INFINITI,Q60,9,24542.00,38249.00,29474.33,2014|2015|2017|2018
GMC,Sierra 3500HD,2,59924.00,66526.00,63225.00,2019
Volkswagen,Jetta,113,2999.00,29524.00,17388.58,2004|2005|2007|2009|2010|2011|2012|2013|2014|2015|2016|2017|2018|2019|2020
Toyota,Prius Prime,3,16595.00,21993.00,19797.67,2017|2018
GMC,Yukon,7,7995.00,73999.00,42921.00,2008|2010|2017|2020
Acura,TSX,3,6499.00,11773.00,9874.00,2010|2012|2013
Subaru,Forester,56,2750.00,33954.00,15713.88,2007|2008|2009|2010|2011|2012|2014|2015|2016|2017|2018|2019|2020
Volvo,S80,3,4995.00,6999.00,6164.33,2010|2011
Volvo,V60,12,7499.00,50900.00,34829.58,2015|2017|2020
Kia,Rio5,5,8895.00,17181.00,14767.60,2015|2018|2020
Mitsubishi,Mirage,2,7499.00,14498.00,10998.50,2018|2020
Toyota,Yaris,5,2995.00,17301.00,10017.20,2008|2009|2017|2020
Buick,Lucerne,2,3999.00,5499.00,4749.00,2007|2008
Nissan,Murano,20,899.00,25995.00,16379.75,2004|2007|2009|2010|2011|2015|2016|2017|2019
Mitsubishi,Eclipse Cross,9,14995.00,23254.00,17731.44,2018|2019
Mercury,Grand Marquis,4,1850.00,3999.00,3087.00,2001|2002|2005|2009
Toyota,Sienna,31,2799.00,39900.00,19994.13,2005|2006|2007|2008|2011|2012|2013|2015|2016|2017|2018|2019|2020
Cadillac,XTS,7,11900.00,29900.00,21922.00,2013|2014|2016|2018|2019
Acura,RDX,12,9899.00,33343.00,20737.50,2010|2012|2013|2015|2017|2018|2019
Jeep,Commander,1,4999.00,4999.00,4999.00,2008
Honda,CR-V,55,2899.00,27999.00,14260.75,2003|2005|2007|2008|2009|2010|2011|2012|2013|2014|2015|2016|2017|2019
Buick,Regal,4,12941.00,21250.00,17096.50,2014|2016|2017
Nissan,Rogue Select,1,9499.00,9499.00,9499.00,2015
RAM,ProMaster City,9,7777.00,23988.00,16693.44,2015|2016|2017|2019|2020
Toyota,Highlander,41,3999.00,48211.00,28189.39,2002|2003|2004|2006|2012|2013|2016|2017|2018|2019|2020
Chevrolet,Impala Limited,3,6995.00,10055.00,8500.00,2014|2016
Honda,Fit,10,1699.00,14995.00,7266.30,2007|2008|2009|2011|2017|2018
Kia,K5,9,24610.00,28110.00,25591.67,2021
Kia,Seltos,11,23240.00,29485.00,26016.36,2021
Buick,Enclave,12,10595.00,51275.00,23985.00,2011|2014|2016|2017|2018|2019|2020
Nissan,Armada,7,8999.00,47995.00,27141.29,2010|2012|2017|2019
Lexus,IS 250,7,4900.00,15795.00,8419.14,2006|2008|2009|2010|2014
Ford,Transit Passenger,21,21625.00,49185.00,37427.48,2016|2017|2018|2019|2020
Dodge,Magnum,1,4499.00,4499.00,4499.00,2007
Ford,Expedition,23,4700.00,76810.00,51475.48,2003|2007|2008|2018|2019|2020
Mercedes-Benz,R-Class,2,9499.00,9499.00,9499.00,2008|2010
Volkswagen,Golf SportWagen,3,8999.00,18000.00,13493.33,2015|2019
Scion,xA,1,2499.00,2499.00,2499.00,2004
Chevrolet,Cobalt,2,2499.00,2995.00,2747.00,2005|2008
Kia,Stinger,8,21495.00,45736.00,36593.00,2018|2019|2020
Kia,Rio,3,8495.00,15604.00,12427.67,2016|2019|2020
Audi,Q7,18,5500.00,49995.00,36408.94,2007|2013|2015|2017|2018|2019
Chrysler,300,21,3599.00,38126.00,22598.14,2006|2009|2010|2014|2017|2018|2019|2020
Ford,Fusion Hybrid,39,5495.00,33885.00,22429.92,2010|2017|2018|2019|2020
Volkswagen,Golf Alltrack,4,19995.00,31981.00,23847.00,2017|2018
Cadillac,CT4,5,37199.00,46901.00,42688.80,2020
Cadillac,CT5,10,40357.00,53158.00,46768.00,2020
Jaguar,X-TYPE,1,2999.00,2999.00,2999.00,2003
Jaguar,XJ-Series,3,6999.00,30995.00,20329.67,1999|2013|2016
Lexus,ES 300,2,1999.00,2455.00,2227.00,2002|2003
Mercedes-Benz,GLS-Class,25,29995.00,72800.00,41357.52,2017|2018|2019|2020
Nissan,350Z,1,7999.00,7999.00,7999.00,2004
Maserati,Ghibli,12,28995.00,42995.00,35157.92,2015|2017
Chevrolet,Express Cargo,7,9800.00,36580.00,18162.00,2009|2011|2014|2015|2016|2019|2020
RAM,3500,5,25800.00,70370.00,53055.80,2014|2020
Cadillac,CT6,2,31990.00,55439.00,43714.50,2017|2020
Audi,A6,31,3400.00,51990.00,25386.16,2004|2007|2008|2010|2012|2013|2014|2016|2017|2018|2019
INFINITI,QX30,5,20895.00,23997.00,22275.80,2017|2018
INFINITI,QX60,12,18495.00,36995.00,27229.25,2014|2016|2017|2018|2019
Ford,Mustang Shelby GT350,3,47990.00,54800.00,50896.67,2016|2018
Chevrolet,Corvette,8,12997.00,41288.00,23789.50,2001|2002|2006|2008|2013
Hyundai,Genesis Coupe,2,17900.00,22900.00,20400.00,2014|2016
Hyundai,Kona,75,17497.00,31410.00,26762.88,2018|2019|2020|2021
Mazda,CX-30,10,24465.00,31625.00,28350.80,2020
Lexus,LX 570,1,66900.00,66900.00,66900.00,2017
Audi,S7,1,36499.00,36499.00,36499.00,2015
MINI,Cooper Clubman,1,17477.00,17477.00,17477.00,2017
Lincoln,MKX,16,15893.00,31875.00,25400.75,2014|2016|2017|2018
Acura,ILX,4,14995.00,19990.00,17893.75,2016|2017
Lincoln,MKS,5,5199.00,14900.00,10057.20,2009|2014|2015
Volvo,S60,50,2999.00,51515.00,29686.48,2006|2008|2012|2013|2015|2017|2018|2019|2020|2021
Mazda,MAZDA5,3,2899.00,5499.00,4031.00,2007|2008|2009
Audi,S5,4,18985.00,45629.00,34853.25,2010|2016|2018
Mazda,MX-5 Miata,4,22485.00,36355.00,32617.50,2016|2020
Nissan,Altima Hybrid,1,6999.00,6999.00,6999.00,2011
Mitsubishi,Lancer,2,2899.00,7490.00,5194.50,2004|2013
Hyundai,Ioniq Electric,17,12991.00,39890.00,35177.53,2017|2019|2020
Volkswagen,CC,2,6251.00,10695.00,8473.00,2012|2013
Mitsubishi,Outlander,9,4199.00,18973.00,12531.00,2009|2010|2014|2018|2019
Lincoln,MKT,5,11900.00,48573.00,23634.60,2016|2017|2018|2019
Ferrari,F430,1,79800.00,79800.00,79800.00,2005
Volkswagen,Beetle,3,2899.00,9015.00,5938.00,2003|2008|2012
Honda,Element,4,4999.00,9995.00,6923.50,2004|2009|2011
Audi,A7,5,17990.00,53900.00,34600.60,2012|2013|2017|2019
Genesis,G80,17,24495.00,61345.00,43617.29,2017|2018|2019|2020
Lincoln,Zephyr,1,3499.00,3499.00,3499.00,2006
Audi,A5 Sportback,4,29900.00,35990.00,32892.50,2018
Lexus,SC 430,1,8491.00,8491.00,8491.00,2002
Hyundai,Veloster Turbo,1,11887.00,11887.00,11887.00,2016
Cadillac,Eldorado,1,4995.00,4995.00,4995.00,2000
GMC,Suburban,1,4649.00,4649.00,4649.00,1999
Dodge,RAM 2500,4,4899.00,24985.00,12093.50,2004|2005|2006|2010
Genesis,G90,3,34991.00,72845.00,47875.67,2017|2019
Hyundai,Azera,1,6689.00,6689.00,6689.00,2006
Hyundai,Accent,15,2995.00,17902.00,10938.73,2008|2010|2013|2014|2015|2016|2017|2019|2020|2021
Mitsubishi,Galant,1,5999.00,5999.00,5999.00,2009
Honda,Civic Hatchback,4,15995.00,19380.00,17164.50,2017|2018
Toyota,RAV4 Hybrid,13,13995.00,32995.00,25326.31,2016|2017|2018|2019|2020
Cadillac,STS,1,4899.00,4899.00,4899.00,2007
Mercedes-Benz,Sprinter Cargo,5,16995.00,23899.00,20855.80,2012|2013|2015|2016
Mazda,RX-8,1,9899.00,9899.00,9899.00,2005
Ford,C-Max Hybrid,3,6499.00,18275.00,14053.00,2013|2018
Chrysler,Sebring,1,6995.00,6995.00,6995.00,2010
Ford,EcoSport,132,17895.00,31540.00,24076.53,2018|2019|2020
Lexus,RX 330,2,6749.00,7185.00,6967.00,2004|2005
Mercedes-Benz,A-Class,5,21950.00,30800.00,27909.00,2019
Audi,TT,3,7990.00,41995.00,20295.00,2001|2009|2019
Hyundai,Venue,12,18720.00,23250.00,20647.42,2020
Toyota,Corolla Hybrid,1,24604.00,24604.00,24604.00,2021
Nissan,Versa Note,6,5400.00,10755.00,8627.67,2015|2016|2017|2019
Maserati,Quattroporte,2,22899.00,30995.00,26947.00,2008|2015
Cadillac,CTS Coupe,2,8899.00,14999.00,11949.00,2011
Saab,9-3,1,9990.00,9990.00,9990.00,2011
Audi,S5 Sportback,2,42900.00,46990.00,44945.00,2018
FIAT,500,2,5900.00,10495.00,8197.50,2013
Lexus,NX 200t,10,22375.00,32775.00,28350.80,2015|2016|2017
Audi,A4 Allroad,1,33600.00,33600.00,33600.00,2018
Bentley,Bentayga,2,131800.00,159990.00,145895.00,2018|2019
Honda,CR-Z,3,8995.00,14990.00,11326.67,2011|2015|2016
Suzuki,SX4,1,5999.00,5999.00,5999.00,2007
Toyota,Camry Hybrid,12,3899.00,30814.00,20906.58,2007|2008|2012|2014|2017|2020
Kia,Forte5,3,3199.00,14987.00,9060.33,2011|2017
BMW,X3 M,4,66800.00,80545.00,75896.25,2020
Hyundai,Ioniq Hybrid,11,14888.00,32920.00,25728.91,2017|2020
Chevrolet,HHR,3,2995.00,5480.00,4125.00,2007|2009
Volvo,XC60,104,14290.00,71710.00,50979.88,2013|2017|2018|2020|2021
Volvo,V90,4,44394.00,61275.00,56854.75,2019|2020
Nissan,NV200,1,8999.00,8999.00,8999.00,2015
Toyota,Prius c,3,4990.00,14957.00,8714.00,2012|2014|2017
Ford,Mustang Shelby GT500,1,39990.00,39990.00,39990.00,2011
INFINITI,Q70L,1,24988.00,24988.00,24988.00,2017
Porsche,718 Cayman,1,49800.00,49800.00,49800.00,2017
Ford,Flex,8,6499.00,29995.00,17578.00,2009|2012|2013|2014|2015|2017|2019
Lincoln,Mark VIII,1,27995.00,27995.00,27995.00,1998
GMC,Sierra 2500HD,9,16999.00,78500.00,38094.78,2005|2009|2010|2013|2015|2018|2020
Lincoln,Aviator,17,60187.00,85343.00,74422.59,2020
Buick,Verano,2,11495.00,18500.00,14997.50,2016|2017
Mitsubishi,Outlander Sport,17,12995.00,17618.00,16440.59,2015|2019
Toyota,Avalon Hybrid,3,8995.00,38859.00,20449.67,2014|2020
Chrysler,Voyager,5,25679.00,32780.00,28559.40,2020
Chevrolet,Express,7,10800.00,25000.00,17897.86,2010|2012|2014|2018|2019
Hyundai,Veloster N,1,31080.00,31080.00,31080.00,2020
Hyundai,Kona Electric,10,41568.00,47105.00,44333.90,2019|2020
Saturn,Outlook,1,4995.00,4995.00,4995.00,2009
Hyundai,Sonata Hybrid Plug-In,4,34540.00,40170.00,35958.75,2019
Volkswagen,Jetta Hybrid,1,8995.00,8995.00,8995.00,2014
Acura,RL,2,7200.00,7995.00,7597.50,2009|2011
Hyundai,Genesis,3,18050.00,21995.00,20314.67,2015|2016
Lexus,RX 300,1,3499.00,3499.00,3499.00,1999
Ford,Five Hundred,1,3495.00,3495.00,3495.00,2006
GMC,Envoy,2,3995.00,6490.00,5242.50,2002|2007
Volkswagen,Jetta GLI,3,27435.00,32705.00,29643.33,2020
Volkswagen,Touareg,2,23999.00,28995.00,26497.00,2015|2017
Toyota,Corolla Hatchback,2,19595.00,20271.00,19933.00,2020
Alfa Romeo,Giulia,3,23995.00,27995.00,26659.33,2017|2018
Ford,Fusion Energi,15,10990.00,35635.00,30117.67,2013|2017|2018|2020
INFINITI,FX35,2,8990.00,12995.00,10992.50,2005|2011
Tesla,Model X,2,66999.00,82995.00,74997.00,2016|2018
smart,fortwo,2,8995.00,11888.00,10441.50,2016|2017
Jaguar,XE,1,18995.00,18995.00,18995.00,2017
INFINITI,QX56,3,11495.00,22995.00,17395.00,2007|2011|2012
Buick,LaCrosse,4,5999.00,29000.00,19497.25,2010|2017
Toyota,Yaris iA,1,14336.00,14336.00,14336.00,2017
Chevrolet,Tahoe Hybrid,1,10000.00,10000.00,10000.00,2008
Land Rover,LR4,3,12999.00,33999.00,23997.67,2012|2015|2016
Nissan,Juke,1,8000.00,8000.00,8000.00,2013
BMW,8 Series,6,96145.00,123045.00,113470.00,2020|2021
Saturn,VUE,1,5950.00,5950.00,5950.00,2009
BMW,M8,9,147195.00,157195.00,153811.67,2020|2021
Ford,Explorer Hybrid,1,55495.00,55495.00,55495.00,2020
Subaru,Impreza WRX STI,1,19985.00,19985.00,19985.00,2010
Ford,Transit Crew,2,46705.00,49575.00,48140.00,2020
Lexus,LX 470,1,16985.00,16985.00,16985.00,2007
Chevrolet,Silverado Classic 1500,1,2999.00,2999.00,2999.00,2007
Ford,F-550 Super Duty Chassis,5,9900.00,19995.00,15676.00,2003|2007|2008|2009
GMC,Savana,2,14997.00,17995.00,16496.00,2011|2013
Subaru,Crosstrek Hybrid,3,31995.00,32995.00,32328.33,2019
Lexus,RX Hybrid,3,34995.00,43995.00,39661.67,2017|2018
Chevrolet,Silverado Classic 3500,1,12995.00,12995.00,12995.00,2007
Toyota,Supra,2,47995.00,56630.00,52312.50,2020|2021
Nissan,NV Cargo,2,12800.00,15995.00,14397.50,2014
Cadillac,Escalade EXT,1,13995.00,13995.00,13995.00,2007
Ferrari,458 Italia,1,139995.00,139995.00,139995.00,2010
Audi,RS 3,1,50958.00,50958.00,50958.00,2018
Volkswagen,e-Golf,2,17995.00,39925.00,28960.00,2019
BMW,Z4,1,65845.00,65845.00,65845.00,2020
Porsche,Boxster,1,36995.00,36995.00,36995.00,2011
Hyundai,Santa Fe XL,1,21308.00,21308.00,21308.00,2019
Jaguar,F-TYPE,1,36495.00,36495.00,36495.00,2017
Lexus,LC,1,64995.00,64995.00,64995.00,2018
Scion,xD,1,5800.00,5800.00,5800.00,2012
Mitsubishi,Endeavor,1,3199.00,3199.00,3199.00,2010
Scion,iA,1,9995.00,9995.00,9995.00,2016
