Acura	ILX,133,7995.0,31305.0,21295,[2013, 2014, 2015, 2016, 2017, 2018, 2019, 2020]
Acura	ILX Hybrid,1,13500.0,13500.0,13500,[2013]
Acura	Legend,2,6900.0,7995.0,7447,[1993, 1994]
Acura	MDX,548,2490.0,59675.0,35027,[2001, 2003, 2004, 2005, 2006, 2007, 2008, 2009, 2010, 2011, 2012, 2013, 2014, 2015, 2016, 2017, 2018, 2019, 2020]
Acura	MDX Hybrid Sport,8,31995.0,61145.0,49602,[2017, 2018, 2020]
Acura	RDX,314,5900.0,49525.0,28409,[2007, 2008, 2009, 2010, 2011, 2012, 2013, 2014, 2015, 2016, 2017, 2018, 2019, 2020, 2021]
Acura	RL,9,2390.0,14950.0,7852,[1997, 1999, 2000, 2007, 2008, 2009, 2011]
Acura	RLX,11,14890.0,56295.0,43355,[2014, 2015, 2016, 2020]
Acura	RLX Hybrid Sport,7,29995.0,62925.0,52883,[2016, 2018, 2020]
Acura	RSX,5,2499.0,4999.0,3597,[2002, 2003, 2004]
Acura	TL,63,1899.0,16980.0,9251,[2001, 2003, 2004, 2005, 2006, 2007, 2008, 2009, 2010, 2011, 2012, 2013, 2014]
Acura	TLX,295,14200.0,259881.0,28037,[2015, 2016, 2017, 2018, 2019, 2020]
Acura	TSX,38,2995.0,14999.0,10227,[2004, 2005, 2006, 2007, 2009, 2010, 2011, 2012, 2013, 2014]
Acura	Vigor,1,6500.0,6500.0,6500,[1993]
Alfa Romeo	4C,1,97579.0,97579.0,97579,[2015]
Alfa Romeo	Giulia,139,19950.0,74695.0,37925,[2017, 2018, 2019, 2020]
Alfa Romeo	Stelvio,169,22995.0,81440.0,42167,[2018, 2019, 2020]
Aston Martin	DB11,6,129900.0,257761.0,223343,[2017, 2020]
Aston Martin	DB7,2,17900.0,40750.0,29325,[2001, 2003]
Aston Martin	DB9,4,28900.0,84997.0,54072,[2005, 2006, 2010, 2013]
Aston Martin	DBS,3,89900.0,375336.0,272724,[2010, 2020]
Aston Martin	Rapide,1,89668.0,89668.0,89668,[2016]
Aston Martin	V12 Vanquish,1,62995.0,62995.0,62995,[2003]
Aston Martin	V8 Vantage,2,43995.0,60500.0,52247,[2007, 2011]
Aston Martin	Vanquish,1,116900.0,116900.0,116900,[2014]
Aston Martin	Vantage,6,124900.0,186064.0,160826,[2019, 2020]
Audi	A3,133,5700.0,43820.0,22808,[2006, 2007, 2009, 2011, 2012, 2013, 2015, 2016, 2017, 2018, 2019, 2020]
Audi	A3 Sportback,2,19999.0,25499.0,22749,[2017]
Audi	A4,286,3995.0,53445.0,25345,[2004, 2005, 2006, 2007, 2008, 2009, 2010, 2011, 2012, 2013, 2014, 2015, 2016, 2017, 2018, 2019, 2020]
Audi	A4 Allroad,29,11495.0,54155.0,33344,[2013, 2014, 2015, 2016, 2017, 2018, 2019, 2020]
Audi	A4 Avant,7,3299.0,10990.0,8008,[2008, 2010, 2011, 2012]
Audi	A5,52,7999.0,54935.0,26900,[2010, 2011, 2012, 2013, 2014, 2015, 2016, 2017, 2018, 2019, 2020]
Audi	A5 Sportback,40,24100.0,56345.0,39394,[2018, 2019, 2020]
Audi	A6,247,3400.0,76565.0,39424,[2004, 2005, 2006, 2007, 2008, 2009, 2010, 2011, 2012, 2013, 2014, 2015, 2016, 2017, 2018, 2019, 2020]
Audi	A6 Allroad,11,68265.0,81560.0,73312,[2020]
Audi	A7,45,14950.0,89800.0,40697,[2012, 2013, 2014, 2015, 2016, 2017, 2018, 2019, 2020]
Audi	A8,57,5737.0,128215.0,66331,[2002, 2004, 2006, 2007, 2008, 2011, 2012, 2013, 2014, 2015, 2016, 2017, 2018, 2019, 2020]
Audi	A8 Hybrid Plug-In,9,104675.0,113280.0,108196,[2020]
Audi	Q3,151,17981.0,45770.0,33528,[2015, 2016, 2017, 2018, 2019, 2020, 2021]
Audi	Q5,402,8995.0,57670.0,35233,[2009, 2010, 2011, 2012, 2013, 2014, 2015, 2016, 2017, 2018, 2019, 2020]
Audi	Q5 Hybrid Plug-in,10,55840.0,61965.0,58298,[2020]
Audi	Q7,245,5500.0,89145.0,43072,[2007, 2008, 2010, 2011, 2012, 2013, 2014, 2015, 2017, 2018, 2019, 2020, 2021]
Audi	Q8,71,59590.0,102040.0,77760,[2019, 2020, 2021]
Audi	R8,20,59495.0,239850.0,171181,[2011, 2014, 2015, 2017, 2018, 2020]
Audi	RS 3,4,50958.0,64440.0,56218,[2018, 2019, 2020]
Audi	RS 4,1,26995.0,26995.0,26995,[2007]
Audi	RS 5,7,30995.0,92990.0,70817,[2014, 2018, 2019]
Audi	RS 6,1,14990.0,14990.0,14990,[2003]
Audi	RS 7,5,58000.0,72981.0,64351,[2016, 2017]
Audi	RS Q8,2,134950.0,136490.0,135720,[2020, 2021]
Audi	S3,16,13980.0,54185.0,34349,[2015, 2016, 2017, 2018, 2019, 2020]
Audi	S4,45,8975.0,68755.0,40051,[2000, 2005, 2007, 2009, 2010, 2011, 2013, 2014, 2018, 2019, 2020]
Audi	S5,28,15495.0,51999.0,33864,[2010, 2011, 2013, 2014, 2016, 2017, 2018, 2019]
Audi	S5 Sportback,23,34481.0,64690.0,44916,[2018, 2019, 2020]
Audi	S6,23,26891.0,92190.0,56008,[2014, 2016, 2017, 2018, 2020]
Audi	S7,12,26942.0,107590.0,52131,[2013, 2014, 2015, 2016, 2017, 2020]
Audi	S8,8,35990.0,164845.0,120152,[2013, 2017, 2020]
Audi	SQ5,47,18999.0,68465.0,50290,[2014, 2015, 2016, 2017, 2018, 2019, 2020]
Audi	SQ7,12,89385.0,106290.0,96034,[2020]
Audi	SQ8,2,95565.0,109000.0,102282,[2020]
Audi	TT,13,6995.0,41995.0,18329,[2001, 2003, 2008, 2009, 2010, 2014, 2017, 2018, 2019]
Audi	TT RS,2,36826.0,78620.0,57723,[2013, 2020]
Audi	TTS,3,35477.0,44999.0,40822,[2017, 2018]
Audi	e-tron,19,54747.0,84015.0,73426,[2019, 2020]
BMW	1 Series,12,5995.0,16995.0,10740,[2008, 2010, 2011, 2012, 2013]
BMW	2 Series,144,15290.0,59835.0,40157,[2014, 2015, 2016, 2017, 2018, 2019, 2020, 2021]
BMW	3 Series,1116,2000.0,68470.0,30795,[1996, 1998, 2002, 2003, 2004, 2005, 2006, 2007, 2008, 2009, 2010, 2011, 2012, 2013, 2014, 2015, 2016, 2017, 2018, 2019, 2020, 2021]
BMW	3 Series Gran Turismo,29,16995.0,37995.0,26082,[2014, 2015, 2016, 2017, 2018]
BMW	4 Series,254,14995.0,68835.0,30540,[2014, 2015, 2016, 2017, 2018, 2019, 2020]
BMW	5 Series,761,3777.0,93435.0,39857,[2003, 2006, 2007, 2008, 2009, 2010, 2011, 2012, 2013, 2014, 2015, 2016, 2017, 2018, 2019, 2020, 2021]
BMW	5 Series Gran Turismo,17,13499.0,32995.0,22939,[2010, 2013, 2014, 2017]
BMW	6 Series,74,10495.0,69988.0,36211,[2005, 2006, 2008, 2009, 2012, 2013, 2014, 2015, 2016, 2017, 2018, 2019]
BMW	6 Series Gran Turismo,7,34995.0,49995.0,43650,[2018, 2019]
BMW	7 Series,190,6500.0,168475.0,58822,[2007, 2009, 2011, 2012, 2013, 2014, 2015, 2016, 2017, 2018, 2019, 2020, 2021]
BMW	8 Series,55,86995.0,123045.0,101443,[2019, 2020, 2021]
BMW	M2,8,41800.0,65855.0,56742,[2017, 2018, 2019, 2020, 2021]
BMW	M3,42,11995.0,63880.0,40131,[1999, 2003, 2004, 2005, 2006, 2008, 2011, 2013, 2016, 2017, 2018]
BMW	M4,52,33590.0,115080.0,60150,[2015, 2016, 2017, 2018, 2019, 2020]
BMW	M5,31,16942.0,125395.0,81080,[2006, 2012, 2013, 2014, 2015, 2016, 2018, 2019, 2020, 2021]
BMW	M6,19,19995.0,128888.0,49195,[2007, 2008, 2009, 2010, 2012, 2014, 2016, 2017, 2018, 2019]
BMW	M8,46,133095.0,175045.0,150343,[2020, 2021]
BMW	X1,333,8995.0,48670.0,30544,[2013, 2014, 2015, 2016, 2017, 2018, 2019, 2020, 2021]
BMW	X2,119,25477.0,52900.0,41303,[2018, 2019, 2020, 2021]
BMW	X3,727,4795.0,68820.0,39363,[2006, 2007, 2008, 2009, 2010, 2011, 2012, 2013, 2014, 2015, 2016, 2017, 2018, 2019, 2020, 2021]
BMW	X3 M,32,64487.0,84395.0,77894,[2020, 2021]
BMW	X4,84,20995.0,70270.0,44782,[2015, 2016, 2017, 2018, 2019, 2020, 2021]
BMW	X4 M,8,73290.0,86495.0,78894,[2020, 2021]
BMW	X5,679,3800.0,104125.0,46879,[2003, 2006, 2007, 2008, 2009, 2010, 2011, 2012, 2013, 2014, 2015, 2016, 2017, 2018, 2019, 2020, 2021]
BMW	X5 M,43,19995.0,123795.0,80907,[2010, 2012, 2016, 2017, 2018, 2020, 2021]
BMW	X6,115,16895.0,100245.0,50190,[2009, 2011, 2012, 2013, 2014, 2015, 2016, 2017, 2018, 2019, 2020, 2021]
BMW	X6 M,21,25495.0,129795.0,67357,[2011, 2012, 2013, 2014, 2015, 2017, 2019, 2020, 2021]
BMW	X7,92,63977.0,115845.0,85416,[2019, 2020, 2021]
BMW	Z3,3,7995.0,13500.0,10495,[1997, 1999]
BMW	Z4,15,9995.0,70295.0,44561,[2003, 2006, 2007, 2012, 2014, 2019, 2020]
BMW	Z4 M,1,16495.0,16495.0,16495,[2008]
BMW	i3,27,11995.0,29998.0,21206,[2014, 2015, 2016, 2017, 2018, 2019]
BMW	i8,9,48995.0,94800.0,73250,[2015, 2016, 2017, 2019]
Bentley	Bentayga,10,131800.0,235995.0,161533,[2017, 2018, 2019]
Bentley	Continental Flying Spur,7,23900.0,53800.0,39863,[2006, 2007, 2011]
Bentley	Continental GT,14,36000.0,148500.0,90438,[2004, 2005, 2006, 2012, 2013, 2014, 2015, 2016, 2017]
Bentley	Continental GTC,15,43899.0,178990.0,90107,[2007, 2008, 2009, 2012, 2013, 2014, 2015, 2016, 2017]
Bentley	Continental Supersports,1,189939.0,189939.0,189939,[2018]
Bentley	Flying Spur,12,71440.0,148500.0,95643,[2014, 2015, 2016, 2018]
Bentley	Mulsanne,5,88793.0,335995.0,159333,[2012, 2016, 2019]
Buick	Cascada,4,20342.0,23995.0,22561,[2016, 2017]
Buick	Century,3,1499.0,5500.0,2993,[1999, 2001, 2003]
Buick	Electra,1,18950.0,18950.0,18950,[1968]
Buick	Enclave,178,5499.0,60640.0,29950,[2008, 2009, 2010, 2011, 2012, 2013, 2014, 2015, 2016, 2017, 2018, 2019, 2020]
Buick	Encore,306,8500.0,35920.0,21447,[2013, 2014, 2015, 2016, 2017, 2018, 2019, 2020, 2021]
Buick	Encore GX,314,22500.0,37240.0,28262,[2020]
Buick	Envision,182,15777.0,46995.0,32470,[2016, 2017, 2018, 2019, 2020]
Buick	LaCrosse,57,2999.0,39380.0,16112,[2005, 2006, 2007, 2008, 2009, 2010, 2011, 2012, 2014, 2015, 2016, 2017, 2018, 2019]
Buick	LeSabre,3,2444.0,4995.0,4144,[2000, 2001]
Buick	Lucerne,9,2988.0,9985.0,5325,[2006, 2007, 2008, 2009, 2010, 2011]
Buick	Park Avenue,1,2700.0,2700.0,2700,[2003]
Buick	Reatta,1,12995.0,12995.0,12995,[1990]
Buick	Regal,33,6495.0,24895.0,16247,[2003, 2011, 2013, 2014, 2015, 2016, 2017]
Buick	Rendezvous,4,2277.0,4444.0,3652,[2002, 2006, 2007]
Buick	Riviera,1,7500.0,7500.0,7500,[1989]
Buick	Roadmaster,2,3995.0,6900.0,5447,[1994, 1996]
Buick	Special,1,19995.0,19995.0,19995,[1940]
Buick	Verano,22,6900.0,18500.0,12670,[2012, 2013, 2014, 2015, 2016, 2017]
Cadillac	ATS,64,11395.0,27995.0,21024,[2013, 2014, 2015, 2016, 2017, 2018]
Cadillac	ATS Coupe,17,15995.0,38137.0,24084,[2015, 2016, 2017, 2019]
Cadillac	ATS-V,2,36970.0,38995.0,37982,[2016]
Cadillac	ATS-V Coupe,2,44999.0,46995.0,45997,[2017]
Cadillac	Allante,1,8995.0,8995.0,8995,[1993]
Cadillac	Brougham,1,3995.0,3995.0,3995,[1991]
Cadillac	CT4,77,33477.0,55410.0,44634,[2020]
Cadillac	CT5,151,39115.0,66115.0,48057,[2020]
Cadillac	CT6,61,22400.0,64799.0,39830,[2016, 2017, 2018, 2019, 2020]
Cadillac	CTS,111,2999.0,51268.0,19820,[2003, 2004, 2006, 2008, 2009, 2010, 2011, 2012, 2013, 2014, 2015, 2016, 2017, 2018, 2019]
Cadillac	CTS Coupe,8,8899.0,17999.0,13606,[2011, 2012, 2013]
Cadillac	CTS Sport Wagon,1,13990.0,13990.0,13990,[2010]
Cadillac	CTS-V,1,45949.0,45949.0,45949,[2013]
Cadillac	CTS-V Coupe,1,47470.0,47470.0,47470,[2013]
Cadillac	DTS,16,3999.0,10999.0,7141,[2006, 2007, 2008, 2009, 2011]
Cadillac	DeVille,6,3500.0,28950.0,12738,[1966, 1967, 1990, 1997, 2003, 2004]
Cadillac	ELR,3,18950.0,23999.0,21648,[2014]
Cadillac	Eldorado,3,4995.0,36999.0,16322,[1966, 1999, 2000]
Cadillac	Escalade,198,5995.0,99525.0,66129,[2005, 2007, 2008, 2009, 2010, 2011, 2012, 2013, 2014, 2015, 2016, 2017, 2018, 2019, 2020]
Cadillac	Escalade ESV,137,6999.0,102325.0,63633,[2007, 2008, 2009, 2010, 2011, 2012, 2013, 2014, 2015, 2016, 2017, 2018, 2019, 2020]
Cadillac	Escalade EXT,3,13995.0,20987.0,17160,[2007, 2009, 2010]
Cadillac	Escalade Hybrid,1,22975.0,22975.0,22975,[2011]
Cadillac	Fleetwood,1,8995.0,8995.0,8995,[1994]
Cadillac	SRX,70,2497.0,25596.0,13417,[2004, 2005, 2007, 2008, 2009, 2010, 2011, 2012, 2013, 2014, 2015, 2016]
Cadillac	STS,5,4899.0,9499.0,6058,[2007, 2008, 2009, 2011]
Cadillac	XLR,5,15940.0,22990.0,18582,[2004, 2005, 2006]
Cadillac	XT4,110,31339.0,55325.0,44753,[2019, 2020]
Cadillac	XT5,426,19990.0,66880.0,41710,[2017, 2018, 2019, 2020, 2021]
Cadillac	XT6,193,48999.0,71295.0,59059,[2020, 2021]
Cadillac	XTS,61,8995.0,48770.0,22816,[2013, 2014, 2015, 2016, 2017, 2018, 2019]
Chevrolet	Astro,1,6695.0,6695.0,6695,[2005]
Chevrolet	Astro Cargo,3,4895.0,9990.0,6960,[2005]
Chevrolet	Avalanche,21,3999.0,29000.0,13765,[2002, 2003, 2004, 2005, 2007, 2008, 2009, 2013]
Chevrolet	Aveo,6,995.0,4599.0,2992,[2004, 2006, 2007, 2009, 2011]
Chevrolet	Bel Air,3,49975.0,79000.0,66323,[1955, 1957, 1962]
Chevrolet	Blazer,458,1695.0,51945.0,35184,[1991, 1996, 1999, 2004, 2019, 2020, 2021]
Chevrolet	Bolt EV,120,15982.0,44135.0,29395,[2017, 2019, 2020]
Chevrolet	C/K 10,1,9950.0,9950.0,9950,[1985]
Chevrolet	C/K 1500,2,950.0,2899.0,1924,[1997, 1998]
Chevrolet	C/K 3500,1,6595.0,6595.0,6595,[1994]
Chevrolet	Camaro,188,6995.0,69375.0,28416,[1967, 1968, 1969, 1970, 1972, 1981, 1989, 1992, 1994, 1995, 1996, 1997, 2010, 2011, 2012, 2013, 2014, 2015, 2016, 2017, 2018, 2019, 2020, 2021]
Chevrolet	Caprice,1,4999.0,4999.0,4999,[1993]
Chevrolet	Captiva Sport,11,5499.0,12495.0,9123,[2012, 2013, 2014]
Chevrolet	Cavalier,3,2500.0,3495.0,3131,[1987, 2002, 2004]
Chevrolet	Chevelle,3,32500.0,70000.0,47498,[1969, 1970, 1972]
Chevrolet	City Express,2,11995.0,13495.0,12745,[2016]
Chevrolet	Cobalt,19,1894.0,5988.0,3551,[2005, 2006, 2007, 2008, 2009, 2010]
Chevrolet	Colorado,347,2999.0,51660.0,29177,[2004, 2005, 2006, 2007, 2008, 2009, 2010, 2011, 2012, 2015, 2016, 2017, 2018, 2019, 2020, 2021]
Chevrolet	Corvair,1,11995.0,11995.0,11995,[1964]
Chevrolet	Corvette,107,4990.0,115000.0,38947,[1963, 1966, 1970, 1971, 1977, 1978, 1980, 1985, 1988, 1990, 1991, 1992, 1993, 1994, 1995, 1996, 1997, 1998, 1999, 2000, 2001, 2002, 2003, 2004, 2005, 2006, 2007, 2008, 2009, 2012, 2013, 2014, 2015, 2016, 2017, 2018, 2019, 2020]
Chevrolet	Cruze,348,3199.0,18000.0,11714,[2011, 2012, 2013, 2014, 2015, 2016, 2017, 2018, 2019]
Chevrolet	Cruze Limited,21,8495.0,12880.0,10417,[2016]
Chevrolet	El Camino,1,9250.0,9250.0,9250,[1978]
Chevrolet	Equinox,2508,2399.0,41895.0,24494,[2005, 2006, 2007, 2008, 2010, 2011, 2012, 2013, 2014, 2015, 2016, 2017, 2018, 2019, 2020]
Chevrolet	Express,74,5500.0,50103.0,20269,[2002, 2003, 2004, 2005, 2007, 2009, 2010, 2012, 2013, 2014, 2015, 2016, 2017, 2018, 2019, 2020]
Chevrolet	Express Cargo,155,3695.0,40090.0,15661,[2001, 2004, 2005, 2006, 2007, 2008, 2009, 2010, 2011, 2012, 2013, 2014, 2015, 2016, 2017, 2018, 2019, 2020]
Chevrolet	Express Chassis,1,32218.0,32218.0,32218,[2020]
Chevrolet	HHR,15,1499.0,9995.0,4735,[2006, 2007, 2009, 2010, 2011]
Chevrolet	Impala,185,1500.0,40930.0,16412,[1968, 1996, 2000, 2001, 2004, 2006, 2007, 2008, 2009, 2010, 2011, 2012, 2013, 2014, 2015, 2016, 2017, 2018, 2019, 2020]
Chevrolet	Impala Limited,14,4800.0,13900.0,8966,[2014, 2015, 2016]
Chevrolet	Malibu,603,2395.0,36605.0,16927,[2002, 2006, 2007, 2008, 2009, 2010, 2011, 2012, 2013, 2014, 2015, 2016, 2017, 2018, 2019, 2020, 2021]
Chevrolet	Malibu Hybrid,7,4693.0,19900.0,14223,[2009, 2016, 2017]
Chevrolet	Malibu Maxx,3,1500.0,3394.0,2629,[2004, 2005]
Chevrolet	Monte Carlo,3,6695.0,24990.0,13226,[1987, 2002, 2006]
Chevrolet	Nova,2,26950.0,33500.0,30225,[1968, 1969]
Chevrolet	S-10,6,2599.0,15499.0,5831,[1984, 1997, 1998, 2002, 2003]
Chevrolet	SS,1,38000.0,38000.0,38000,[2014]
Chevrolet	SSR,2,24800.0,29195.0,26997,[2004]
Chevrolet	Silverado 1500,1317,1599.0,68702.0,35484,[1999, 2000, 2001, 2002, 2003, 2004, 2005, 2006, 2007, 2008, 2009, 2010, 2011, 2012, 2013, 2014, 2015, 2016, 2017, 2018, 2019, 2020]
Chevrolet	Silverado 2500HD,123,3299.0,77744.0,40215,[1999, 2001, 2002, 2003, 2004, 2005, 2006, 2008, 2009, 2010, 2011, 2012, 2013, 2014, 2015, 2016, 2017, 2018, 2019, 2020]
Chevrolet	Silverado 3500,3,9995.0,19800.0,14263,[2001, 2003, 2005]
Chevrolet	Silverado 3500HD,28,17990.0,77915.0,39711,[2008, 2009, 2011, 2013, 2014, 2015, 2016, 2018, 2019, 2020]
Chevrolet	Silverado 3500HD Chassis,4,43433.0,51352.0,46621,[2020]
Chevrolet	Silverado Classic 1500,7,2999.0,7993.0,5211,[2007]
Chevrolet	Silverado Classic 2500HD,1,11900.0,11900.0,11900,[2007]
Chevrolet	Silverado Classic 3500,2,12995.0,14995.0,13995,[2007]
Chevrolet	Sonic,73,2995.0,22090.0,12596,[2012, 2013, 2014, 2015, 2016, 2017, 2018, 2019, 2020]
Chevrolet	Spark,66,3995.0,19395.0,13772,[2013, 2014, 2015, 2016, 2017, 2018, 2020, 2021]
Chevrolet	Suburban,250,2399.0,83290.0,46176,[1950, 2002, 2004, 2005, 2007, 2008, 2009, 2010, 2011, 2012, 2013, 2014, 2015, 2016, 2017, 2018, 2019, 2020, 2021]
Chevrolet	Tahoe,413,2399.0,81235.0,50539,[2001, 2002, 2003, 2004, 2005, 2007, 2008, 2009, 2010, 2011, 2012, 2013, 2014, 2015, 2016, 2017, 2018, 2019, 2020, 2021]
Chevrolet	Tahoe Hybrid,1,10000.0,10000.0,10000,[2008]
Chevrolet	Trailblazer,125,1499.0,32515.0,21191,[2002, 2003, 2004, 2005, 2006, 2007, 2008, 2009, 2021]
Chevrolet	Trailblazer EXT,4,1795.0,5500.0,3947,[2003, 2005, 2006]
Chevrolet	Traverse,745,2488.0,55660.0,30414,[2009, 2010, 2011, 2012, 2013, 2014, 2015, 2016, 2017, 2018, 2019, 2020]
Chevrolet	Trax,1214,8499.0,30360.0,19918,[2015, 2016, 2017, 2018, 2019, 2020, 2021]
Chevrolet	Uplander,1,1999.0,1999.0,1999,[2007]
Chevrolet	Venture,1,2500.0,2500.0,2500,[2003]
Chevrolet	Volt,39,7359.0,23988.0,16073,[2011, 2012, 2013, 2014, 2015, 2016, 2017, 2018, 2019]
Chrysler	200,88,2695.0,21995.0,9998,[2011, 2012, 2013, 2014, 2015, 2016, 2017]
Chrysler	300,183,2995.0,41410.0,19465,[2005, 2006, 2007, 2008, 2009, 2010, 2011, 2012, 2013, 2014, 2015, 2016, 2017, 2018, 2019, 2020]
Chrysler	Concorde,1,6495.0,6495.0,6495,[2000]
Chrysler	Crossfire,7,5899.0,13500.0,9681,[2004, 2005, 2006]
Chrysler	New Yorker,1,2999.0,2999.0,2999,[1989]
Chrysler	PT Cruiser,10,995.0,4999.0,3311,[2002, 2006, 2008, 2009]
Chrysler	Pacifica,374,2677.0,51180.0,30162,[2005, 2007, 2008, 2017, 2018, 2019, 2020]
Chrysler	Pacifica Hybrid,15,41490.0,51425.0,46882,[2020]
Chrysler	Sebring,23,1595.0,7995.0,4329,[1998, 1999, 2001, 2004, 2005, 2006, 2007, 2008, 2009, 2010]
Chrysler	Town & Country,121,1975.0,26900.0,8769,[2004, 2005, 2006, 2007, 2008, 2009, 2010, 2011, 2012, 2013, 2014, 2015, 2016]
Chrysler	Voyager,30,2495.0,32780.0,26955,[2001, 2002, 2020]
Dodge	Avenger,30,3599.0,13995.0,6955,[2008, 2009, 2010, 2011, 2012, 2013, 2014]
Dodge	Caliber,18,2199.0,6995.0,3767,[2007, 2008, 2009, 2010, 2011]
Dodge	Caravan,2,2500.0,3495.0,2997,[2003, 2006]
Dodge	Challenger,251,9900.0,149000.0,37480,[1974, 2008, 2009, 2010, 2011, 2012, 2013, 2014, 2015, 2016, 2017, 2018, 2019, 2020]
Dodge	Charger,360,2999.0,80710.0,30258,[2006, 2007, 2008, 2009, 2010, 2011, 2012, 2013, 2014, 2015, 2016, 2017, 2018, 2019, 2020]
Dodge	Dakota,29,2799.0,13999.0,6432,[2002, 2003, 2004, 2005, 2006, 2007, 2008, 2009, 2010]
Dodge	Dart,43,4995.0,12590.0,8459,[2013, 2014, 2015, 2016]
Dodge	Durango,669,1595.0,67988.0,33180,[2000, 2001, 2004, 2005, 2006, 2007, 2008, 2011, 2012, 2013, 2014, 2015, 2016, 2017, 2018, 2019, 2020]
Dodge	Grand Caravan,293,2100.0,35000.0,15771,[2004, 2006, 2007, 2008, 2009, 2010, 2011, 2012, 2013, 2014, 2015, 2016, 2017, 2018, 2019, 2020]
Dodge	Journey,183,3460.0,29102.0,14650,[2009, 2010, 2011, 2012, 2013, 2014, 2015, 2016, 2017, 2018, 2019, 2020]
Dodge	Magnum,1,4499.0,4499.0,4499,[2007]
Dodge	Nitro,7,5495.0,9900.0,6822,[2007, 2008, 2010, 2011]
Dodge	RAM 150,1,5995.0,5995.0,5995,[1988]
Dodge	RAM 1500,53,3699.0,18993.0,8595,[1996, 2001, 2002, 2003, 2004, 2005, 2006, 2007, 2008, 2009, 2010]
Dodge	RAM 2500,20,3699.0,24985.0,10896,[1996, 1998, 2001, 2002, 2003, 2004, 2005, 2006, 2007, 2008, 2009, 2010]
Dodge	RAM 3500,5,8599.0,23900.0,16896,[2002, 2005, 2007, 2008]
Dodge	RAM 3500 Chassis ,1,15990.0,15990.0,15990,[2008]
Dodge	RAM Van,1,3995.0,3995.0,3995,[1997]
Dodge	Stratus,4,1999.0,3995.0,2844,[1998, 2004, 2006]
Dodge	Viper,3,53995.0,84999.0,68996,[2000, 2008, 2010]
FIAT	124 Spider,12,6980.0,39305.0,23217,[1981, 2017, 2018, 2019, 2020]
FIAT	500,23,3995.0,20999.0,10386,[2012, 2013, 2014, 2015, 2016]
FIAT	500L,2,8990.0,8995.0,8992,[2015]
FIAT	500X,20,5995.0,31175.0,17505,[2016, 2017, 2019, 2020]
FIAT	500e,1,9800.0,9800.0,9800,[2017]
Ferrari	250 GT,1,1390000.0,1390000.0,1390000,[1959]
Ferrari	308,2,50990.0,125000.0,87995,[1981, 1983]
Ferrari	328,1,64988.0,64988.0,64988,[1989]
Ferrari	430 Scuderia,2,195000.0,317500.0,256250,[2009]
Ferrari	458 Italia,4,139995.0,362750.0,224623,[2010, 2011, 2014, 2015]
Ferrari	488,7,228000.0,510000.0,353785,[2017, 2018, 2019, 2020]
Ferrari	550,1,164995.0,164995.0,164995,[2001]
Ferrari	599 GTB Fiorano,2,119000.0,1299950.0,709475,[2008, 2011]
Ferrari	812 Superfast,3,348000.0,529997.0,414997,[2019, 2020]
Ferrari	California,2,98999.0,117777.0,108388,[2013, 2014]
Ferrari	California T,5,129714.0,178795.0,150799,[2015, 2016, 2018]
Ferrari	F12 Berlinetta,3,182990.0,230905.0,211965,[2014, 2017]
Ferrari	F430,1,79800.0,79800.0,79800,[2005]
Ferrari	FF,1,129865.0,129865.0,129865,[2012]
Ferrari	GTC4Lusso,4,221000.0,350698.0,302174,[2018, 2019, 2020]
Ferrari	GTC4Lusso T,2,191995.0,238995.0,215495,[2018, 2019]
Ferrari	Portofino,4,205000.0,239990.0,226470,[2019, 2020]
Fisker	Karma,1,33800.0,33800.0,33800,[2012]
Ford	Bronco,2,9995.0,33655.0,21825,[1993, 2021]
Ford	C-Max Energi,19,7995.0,19699.0,13555,[2013, 2014, 2015, 2016, 2017]
Ford	C-Max Hybrid,28,4995.0,18995.0,11782,[2013, 2014, 2017, 2018]
Ford	Crown Victoria,6,1595.0,4995.0,2961,[1997, 2000, 2003, 2006, 2011]
Ford	E-Series,161,985.0,23600.0,10589,[1997, 1998, 2002, 2003, 2004, 2005, 2006, 2007, 2008, 2009, 2010, 2011, 2012, 2013, 2014]
Ford	E-Series Chassis,18,5995.0,57295.0,32122,[2009, 2015, 2016, 2021]
Ford	EcoSport,620,13900.0,31540.0,23064,[2018, 2019, 2020, 2021]
Ford	Econoline Cargo,1,5999.0,5999.0,5999,[2002]
Ford	Econoline Wagon,3,9900.0,22995.0,16628,[2012, 2013]
Ford	Edge,1192,2999.0,51130.0,30757,[2007, 2008, 2009, 2010, 2011, 2012, 2013, 2014, 2015, 2016, 2017, 2018, 2019, 2020]
Ford	Escape,1957,1999.0,40595.0,23874,[2002, 2005, 2006, 2007, 2008, 2009, 2010, 2011, 2012, 2013, 2014, 2015, 2016, 2017, 2018, 2019, 2020]
Ford	Escape Hybrid,81,2999.0,39375.0,31814,[2006, 2008, 2009, 2010, 2020]
Ford	Escort,1,3995.0,3995.0,3995,[1998]
Ford	Excursion,5,5399.0,21999.0,10977,[2000, 2003, 2004, 2005]
Ford	Expedition,391,2980.0,86125.0,56934,[2003, 2004, 2007, 2008, 2009, 2010, 2011, 2012, 2013, 2014, 2015, 2016, 2017, 2018, 2019, 2020]
Ford	Explorer,1940,1320.0,64070.0,38954,[1998, 2001, 2002, 2003, 2004, 2005, 2006, 2007, 2008, 2009, 2010, 2011, 2012, 2013, 2014, 2015, 2016, 2017, 2018, 2019, 2020, 2021]
Ford	Explorer Hybrid,16,38900.0,57785.0,49338,[2020]
Ford	Explorer Sport Trac,16,2899.0,10495.0,6239,[2001, 2003, 2004, 2005, 2007, 2008]
Ford	F-150,2732,2999.0,111024.0,41716,[1993, 1998, 2000, 2001, 2002, 2003, 2004, 2005, 2006, 2007, 2008, 2009, 2010, 2011, 2012, 2013, 2014, 2015, 2016, 2017, 2018, 2019, 2020, 2021]
Ford	F-250 Super Duty,247,3500.0,82440.0,39973,[1999, 2000, 2001, 2002, 2003, 2004, 2005, 2006, 2007, 2008, 2009, 2010, 2011, 2012, 2013, 2014, 2015, 2016, 2017, 2018, 2019, 2020]
Ford	F-350 Super Duty,323,4450.0,88150.0,43951,[2002, 2003, 2004, 2005, 2006, 2007, 2008, 2009, 2010, 2011, 2012, 2013, 2014, 2015, 2016, 2017, 2018, 2019, 2020]
Ford	F-350 Super Duty Chassis,67,14985.0,66195.0,43869,[2010, 2011, 2012, 2013, 2014, 2015, 2016, 2017, 2019, 2020]
Ford	F-450 Super Duty,54,8985.0,81745.0,50720,[2005, 2006, 2007, 2008, 2011, 2012, 2013, 2015, 2016, 2017, 2018, 2019, 2020]
Ford	F-450 Super Duty Chassis,1,11999.0,11999.0,11999,[2008]
Ford	F-550 Super Duty,13,17990.0,42985.0,32225,[2011, 2012, 2014]
Ford	F-550 Super Duty Chassis,136,7999.0,85845.0,58185,[2001, 2003, 2005, 2007, 2008, 2009, 2013, 2015, 2016, 2019, 2020]
Ford	Fairlane,1,39995.0,39995.0,39995,[1955]
Ford	Fiesta,66,3695.0,18999.0,8781,[2011, 2012, 2013, 2014, 2015, 2016, 2017, 2018, 2019]
Ford	Five Hundred,7,1995.0,4000.0,3454,[2006, 2007]
Ford	Flex,85,5250.0,36022.0,20797,[2009, 2010, 2011, 2012, 2013, 2014, 2015, 2016, 2017, 2018, 2019]
Ford	Focus,294,1999.0,21999.0,9618,[2002, 2003, 2004, 2005, 2006, 2007, 2008, 2009, 2010, 2011, 2012, 2013, 2014, 2015, 2016, 2017, 2018]
Ford	Focus Electric,2,9295.0,12995.0,11145,[2013, 2017]
Ford	Focus RS,10,29990.0,38999.0,32999,[2016, 2017, 2018]
Ford	Freestar,2,3991.0,4500.0,4245,[2005]
Ford	Freestyle,2,4900.0,4900.0,4900,[2005]
Ford	Fusion,1947,1590.0,38240.0,20998,[2006, 2007, 2008, 2009, 2010, 2011, 2012, 2013, 2014, 2015, 2016, 2017, 2018, 2019, 2020]
Ford	Fusion Energi,137,8495.0,39885.0,30349,[2013, 2014, 2016, 2017, 2018, 2019, 2020]
Ford	Fusion Hybrid,286,3999.0,36185.0,23602,[2010, 2012, 2013, 2014, 2015, 2016, 2017, 2018, 2019, 2020]
Ford	LTD Crown Victoria,1,3995.0,3995.0,3995,[1990]
Ford	Model A,1,13999.0,13999.0,13999,[1930]
Ford	Mustang,376,2800.0,189935.0,29341,[1965, 1966, 1987, 2000, 2003, 2004, 2005, 2006, 2007, 2008, 2009, 2010, 2011, 2012, 2013, 2014, 2015, 2016, 2017, 2018, 2019, 2020]
Ford	Mustang Mach-E,2,53800.0,59200.0,56500,[2021]
Ford	Mustang SVT Cobra,1,17995.0,17995.0,17995,[2001]
Ford	Mustang Shelby GT350,24,47990.0,76595.0,60558,[2016, 2017, 2018, 2019, 2020]
Ford	Mustang Shelby GT500,12,34990.0,89500.0,54961,[2007, 2008, 2010, 2011, 2012, 2014, 2020]
Ford	Ranger,290,1750.0,47800.0,32434,[1996, 1998, 2000, 2001, 2002, 2003, 2004, 2005, 2006, 2007, 2008, 2009, 2010, 2011, 2019, 2020]
Ford	Taurus,120,1780.0,29900.0,13202,[2000, 2002, 2003, 2004, 2005, 2006, 2007, 2008, 2009, 2010, 2011, 2012, 2013, 2014, 2015, 2016, 2017, 2018, 2019]
Ford	Taurus X,1,2495.0,2495.0,2495,[2008]
Ford	Thunderbird,11,10990.0,59990.0,25177,[1955, 1957, 1966, 2002, 2004, 2005]
Ford	Transit Cargo,307,9985.0,426450.0,35593,[2015, 2016, 2017, 2018, 2019, 2020]
Ford	Transit Chassis,30,19999.0,62655.0,39882,[2016, 2018, 2019, 2020]
Ford	Transit Connect,391,4999.0,33649.0,24235,[2010, 2011, 2012, 2013, 2014, 2015, 2016, 2017, 2018, 2019, 2020, 2021]
Ford	Transit Crew,15,37201.0,55670.0,47275,[2020]
Ford	Transit Passenger,175,17999.0,61184.0,33124,[2015, 2016, 2017, 2018, 2019, 2020]
Ford	Windstar,1,3000.0,3000.0,3000,[2002]
Freightliner	Sprinter,3,13900.0,14999.0,14298,[2012, 2013]
GMC	Acadia,461,6299.0,55675.0,28246,[2007, 2008, 2009, 2010, 2011, 2012, 2013, 2014, 2015, 2016, 2017, 2018, 2019, 2020, 2021]
GMC	Canyon,66,3999.0,45900.0,29565,[2004, 2005, 2006, 2007, 2008, 2010, 2011, 2012, 2015, 2016, 2017, 2018, 2019, 2020, 2021]
GMC	Envoy,15,1495.0,6999.0,4502,[2002, 2003, 2004, 2006, 2007, 2009]
GMC	Envoy XL,1,5995.0,5995.0,5995,[2005]
GMC	Safari,1,3995.0,3995.0,3995,[1999]
GMC	Safari Cargo,2,4995.0,5895.0,5445,[2001, 2005]
GMC	Savana,18,7795.0,39077.0,18722,[2002, 2007, 2008, 2010, 2011, 2012, 2013, 2015, 2017, 2019, 2020]
GMC	Savana Cargo,67,4999.0,41560.0,23260,[2003, 2004, 2005, 2007, 2008, 2011, 2012, 2013, 2014, 2015, 2016, 2017, 2018, 2019, 2020]
GMC	Sierra 1500,360,1399.0,71785.0,40111,[1999, 2001, 2002, 2003, 2004, 2005, 2006, 2007, 2008, 2009, 2010, 2011, 2012, 2013, 2014, 2015, 2016, 2017, 2018, 2019, 2020]
GMC	Sierra 1500 Limited,1,39775.0,39775.0,39775,[2019]
GMC	Sierra 2500HD,70,4499.0,78760.0,43950,[2001, 2003, 2004, 2005, 2007, 2009, 2010, 2011, 2012, 2013, 2014, 2015, 2016, 2017, 2018, 2019, 2020]
GMC	Sierra 2500HD Classic,1,7995.0,7995.0,7995,[2007]
GMC	Sierra 3500,4,1900.0,23999.0,11687,[1996, 1998, 2005, 2006]
GMC	Sierra 3500HD,11,12995.0,80280.0,47679,[2007, 2010, 2014, 2015, 2016, 2019, 2020]
GMC	Sierra 3500HD Chassis,1,40577.0,40577.0,40577,[2020]
GMC	Sierra Classic 1500,1,7900.0,7900.0,7900,[2007]
GMC	Sonoma,1,4999.0,4999.0,4999,[2001]
GMC	Suburban,1,4649.0,4649.0,4649,[1999]
GMC	Terrain,672,5999.0,45400.0,27116,[2010, 2011, 2012, 2013, 2014, 2015, 2016, 2017, 2018, 2019, 2020]
GMC	Yukon,137,2995.0,82750.0,46782,[2001, 2004, 2005, 2006, 2007, 2008, 2009, 2010, 2011, 2012, 2013, 2014, 2015, 2016, 2017, 2018, 2019, 2020, 2021]
GMC	Yukon Hybrid,2,5500.0,23995.0,14747,[2008, 2013]
GMC	Yukon XL,106,3495.0,85795.0,45520,[2003, 2004, 2006, 2007, 2008, 2009, 2010, 2011, 2013, 2014, 2015, 2016, 2017, 2018, 2019, 2020, 2021]
Genesis	G70,89,29000.0,54515.0,43747,[2019, 2020, 2021]
Genesis	G80,53,21995.0,61345.0,38975,[2017, 2018, 2019, 2020]
Genesis	G90,22,31990.0,77345.0,50806,[2017, 2018, 2019, 2020]
Honda	Accord,1405,2277.0,89995.0,18040,[1999, 2000, 2001, 2003, 2004, 2005, 2006, 2007, 2008, 2009, 2010, 2011, 2012, 2013, 2014, 2015, 2016, 2017, 2018, 2019, 2020]
Honda	Accord Coupe,63,1499.0,25881.0,12522,[2002, 2003, 2005, 2006, 2007, 2008, 2009, 2010, 2011, 2012, 2013, 2014, 2015, 2017]
Honda	Accord Crosstour,3,9995.0,12888.0,11127,[2010, 2011]
Honda	Accord Hybrid,61,3000.0,36395.0,24057,[2005, 2014, 2015, 2017, 2018, 2019, 2020]
Honda	CR-V,1362,1780.0,35970.0,22921,[1997, 2000, 2001, 2002, 2003, 2004, 2005, 2006, 2007, 2008, 2009, 2010, 2011, 2012, 2013, 2014, 2015, 2016, 2017, 2018, 2019, 2020]
Honda	CR-V Hybrid,35,28870.0,37170.0,32699,[2020]
Honda	CR-Z,5,5825.0,14990.0,9360,[2011, 2012, 2015, 2016]
Honda	Civic,1061,999.0,27937.0,16586,[1996, 1999, 2002, 2003, 2004, 2005, 2006, 2007, 2008, 2009, 2010, 2011, 2012, 2013, 2014, 2015, 2016, 2017, 2018, 2019, 2020]
Honda	Civic Coupe,129,1799.0,28999.0,12804,[1999, 2001, 2002, 2003, 2004, 2005, 2006, 2007, 2008, 2009, 2010, 2011, 2012, 2013, 2014, 2015, 2016, 2017, 2018, 2019]
Honda	Civic Hatchback,101,14995.0,29905.0,21132,[2017, 2018, 2019, 2020]
Honda	Civic Hybrid,6,2495.0,13975.0,8657,[2003, 2005, 2010, 2014, 2015]
Honda	Civic Type R,10,31995.0,38995.0,35790,[2017, 2018, 2019]
Honda	Clarity Hybrid Plug-In ,6,19699.0,24199.0,21925,[2018, 2019]
Honda	Crosstour,14,8995.0,17975.0,13942,[2012, 2013, 2014, 2015]
Honda	Element,19,3399.0,11490.0,6445,[2003, 2004, 2005, 2006, 2008, 2009, 2010, 2011]
Honda	Fit,210,1699.0,20015.0,14987,[2007, 2008, 2009, 2010, 2011, 2012, 2013, 2015, 2016, 2017, 2018, 2019, 2020]
Honda	HR-V,441,11495.0,30110.0,22085,[2016, 2017, 2018, 2019, 2020]
Honda	Insight,50,6495.0,30556.0,24410,[2010, 2011, 2012, 2019, 2020, 2021]
Honda	Odyssey,400,1985.0,52995.0,23240,[2003, 2004, 2005, 2006, 2007, 2008, 2009, 2010, 2011, 2012, 2013, 2014, 2015, 2016, 2017, 2018, 2019, 2020, 2021]
Honda	Passport,73,29881.0,44900.0,38449,[2019, 2020]
Honda	Pilot,562,2750.0,50840.0,25936,[2004, 2005, 2006, 2007, 2008, 2009, 2010, 2011, 2012, 2013, 2014, 2015, 2016, 2017, 2018, 2019, 2020, 2021]
Honda	Ridgeline,55,4195.0,45476.0,22766,[2006, 2007, 2008, 2010, 2011, 2012, 2013, 2014, 2017, 2018, 2019, 2020]
Honda	S2000,3,18900.0,26995.0,24269,[2001, 2004]
Hummer	H2,8,12995.0,20995.0,15924,[2003, 2004, 2005, 2006]
Hummer	H2 SUT,2,24890.0,26990.0,25940,[2005, 2007]
Hummer	H3,9,6999.0,13975.0,9983,[2006, 2007, 2008]
Hummer	H3T,2,18995.0,34990.0,26992,[2009]
Hyundai	Accent,85,2199.0,18651.0,11407,[2007, 2008, 2010, 2011, 2012, 2013, 2014, 2015, 2016, 2017, 2018, 2019, 2020, 2021]
Hyundai	Azera,10,5995.0,20999.0,11667,[2006, 2007, 2008, 2013, 2014, 2016, 2017]
Hyundai	Elantra,952,1800.0,27605.0,15510,[2002, 2003, 2005, 2006, 2007, 2008, 2009, 2010, 2011, 2012, 2013, 2014, 2015, 2016, 2017, 2018, 2019, 2020]
Hyundai	Elantra Coupe,5,5999.0,9990.0,7321,[2013, 2014]
Hyundai	Elantra GT,50,7900.0,29645.0,15718,[2013, 2014, 2015, 2016, 2017, 2018, 2019, 2020]
Hyundai	Elantra Touring,10,1999.0,8030.0,6426,[2009, 2010, 2011, 2012]
Hyundai	Entourage,3,2995.0,5995.0,4328,[2007, 2008]
Hyundai	Equus,3,8977.0,21900.0,15290,[2011, 2013, 2016]
Hyundai	Genesis,21,7900.0,21995.0,15068,[2009, 2012, 2013, 2014, 2015, 2016]
Hyundai	Genesis Coupe,8,7995.0,22900.0,17226,[2013, 2014, 2015, 2016]
Hyundai	Ioniq Electric,36,12991.0,39890.0,35719,[2017, 2019, 2020]
Hyundai	Ioniq Hybrid,45,11995.0,32920.0,24423,[2017, 2018, 2019, 2020]
Hyundai	Ioniq Hybrid Plug-In ,19,18991.0,34370.0,29842,[2019, 2020]
Hyundai	Kona,424,12991.0,31410.0,26416,[2018, 2019, 2020, 2021]
Hyundai	Kona Electric,60,35820.0,47105.0,42975,[2019, 2020]
Hyundai	Palisade,104,36145.0,50315.0,46441,[2020, 2021]
Hyundai	Santa Fe,396,3599.0,41885.0,27572,[2002, 2004, 2005, 2006, 2007, 2008, 2009, 2010, 2011, 2012, 2013, 2014, 2015, 2016, 2017, 2018, 2019, 2020]
Hyundai	Santa Fe Sport,201,7000.0,34665.0,17467,[2013, 2014, 2015, 2016, 2017, 2018]
Hyundai	Santa Fe XL,2,21308.0,32450.0,26879,[2019]
Hyundai	Sonata,867,1599.0,35085.0,21048,[2003, 2005, 2006, 2007, 2008, 2009, 2010, 2011, 2012, 2013, 2014, 2015, 2016, 2017, 2018, 2019, 2020, 2021]
Hyundai	Sonata Hybrid,41,6750.0,35733.0,22272,[2011, 2012, 2013, 2014, 2015, 2016, 2017, 2018, 2019, 2020]
Hyundai	Sonata Hybrid Plug-In ,15,26700.0,40270.0,35467,[2019]
Hyundai	Tiburon,1,4990.0,4990.0,4990,[2006]
Hyundai	Tucson,1201,2699.0,35795.0,24641,[2006, 2007, 2008, 2010, 2011, 2012, 2013, 2014, 2015, 2016, 2017, 2018, 2019, 2020, 2021]
Hyundai	Veloster,42,4599.0,21900.0,11703,[2012, 2013, 2014, 2015, 2016, 2017, 2019, 2020]
Hyundai	Veloster N,5,28450.0,31080.0,30044,[2020]
Hyundai	Veloster Turbo,9,8777.0,26980.0,16304,[2015, 2016, 2017, 2020]
Hyundai	Venue,80,16275.0,23250.0,19958,[2020, 2021]
Hyundai	Veracruz,5,6900.0,11777.0,9040,[2010, 2011, 2012]
INFINITI	EX35,12,5750.0,15072.0,11390,[2008, 2010, 2011, 2012]
INFINITI	FX35,24,5500.0,16890.0,10454,[2004, 2005, 2007, 2008, 2009, 2010, 2011, 2012]
INFINITI	FX37,3,16395.0,17988.0,17375,[2013]
INFINITI	G20,1,4679.0,4679.0,4679,[1999]
INFINITI	G25,6,4877.0,11981.0,8765,[2011]
INFINITI	G35,19,2899.0,9995.0,6838,[2004, 2005, 2006, 2007, 2008]
INFINITI	G37,41,4495.0,17995.0,12162,[2008, 2009, 2010, 2011, 2012, 2013]
INFINITI	I35,1,2999.0,2999.0,2999,[2004]
INFINITI	JX35,14,9995.0,18995.0,15096,[2013]
INFINITI	M35,5,2999.0,9995.0,7195,[2006, 2008, 2009]
INFINITI	M37,14,10146.0,18777.0,14120,[2011, 2012, 2013]
INFINITI	Q40,7,14885.0,18575.0,16373,[2015]
INFINITI	Q50,375,5995.0,52940.0,26921,[2014, 2015, 2016, 2017, 2018, 2019, 2020]
INFINITI	Q50 Hybrid,4,15998.0,28560.0,22138,[2014, 2015, 2017]
INFINITI	Q60,64,18995.0,55684.0,32730,[2014, 2015, 2017, 2018, 2019, 2020]
INFINITI	Q70,11,17178.0,35000.0,25274,[2014, 2015, 2016, 2017]
INFINITI	Q70L,12,21750.0,39241.0,29534,[2015, 2016, 2017, 2019]
INFINITI	QX30,46,16900.0,27999.0,22359,[2017, 2018, 2019]
INFINITI	QX4,1,3800.0,3800.0,3800,[2003]
INFINITI	QX50,112,14995.0,61370.0,34998,[2015, 2016, 2017, 2019, 2020]
INFINITI	QX56,19,4995.0,23995.0,15585,[2005, 2006, 2007, 2008, 2010, 2011, 2012, 2013]
INFINITI	QX60,422,14500.0,62405.0,41039,[2014, 2015, 2016, 2017, 2018, 2019, 2020]
INFINITI	QX60 Hybrid,2,14995.0,27981.0,21488,[2014, 2015]
INFINITI	QX70,15,15912.0,36999.0,29584,[2014, 2016, 2017]
INFINITI	QX80,64,17995.0,88611.0,47617,[2014, 2015, 2016, 2017, 2018, 2019, 2020, 2021]
Isuzu	Trooper,1,2988.0,2988.0,2988,[1999]
Jaguar	E-PACE,61,29800.0,65375.0,48652,[2018, 2019, 2020]
Jaguar	F-PACE,185,27795.0,91650.0,48137,[2017, 2018, 2019, 2020]
Jaguar	F-TYPE,44,21900.0,113015.0,69420,[2014, 2015, 2016, 2017, 2018, 2019, 2020, 2021]
Jaguar	I-PACE,32,54722.0,89643.0,73960,[2019, 2020]
Jaguar	S-TYPE,2,2500.0,5999.0,4249,[2000, 2007]
Jaguar	X-TYPE,2,2999.0,4999.0,3999,[2003, 2005]
Jaguar	XE,87,18880.0,58588.0,36591,[2017, 2018, 2019, 2020]
Jaguar	XF,50,4995.0,66887.0,36994,[2009, 2011, 2014, 2015, 2016, 2017, 2018, 2019, 2020]
Jaguar	XJ-Series,36,3900.0,93512.0,28480,[1984, 1990, 1994, 1996, 1999, 2001, 2004, 2006, 2011, 2013, 2014, 2015, 2016, 2017, 2018, 2019]
Jaguar	XK-Series,4,3995.0,35988.0,16763,[1998, 2007, 2008, 2015]
Jeep	Cherokee,874,3895.0,43545.0,27331,[2000, 2001, 2014, 2015, 2016, 2017, 2018, 2019, 2020, 2021]
Jeep	Commander,10,3599.0,8495.0,5622,[2006, 2007, 2008]
Jeep	Compass,1185,2495.0,39040.0,25205,[2007, 2008, 2010, 2011, 2012, 2013, 2014, 2015, 2016, 2017, 2018, 2019, 2020, 2021]
Jeep	Gladiator,155,37098.0,89990.0,50437,[2020, 2021]
Jeep	Grand Cherokee,2506,2495.0,99165.0,34069,[1997, 1998, 2000, 2001, 2002, 2003, 2004, 2005, 2006, 2007, 2008, 2009, 2010, 2011, 2012, 2013, 2014, 2015, 2016, 2017, 2018, 2019, 2020]
Jeep	Liberty,123,2495.0,14999.0,7204,[2002, 2003, 2004, 2005, 2006, 2007, 2008, 2009, 2010, 2011, 2012]
Jeep	Patriot,127,4700.0,20462.0,12073,[2009, 2010, 2011, 2012, 2013, 2014, 2015, 2016, 2017]
Jeep	Renegade,297,10595.0,35335.0,21773,[2015, 2016, 2017, 2018, 2019, 2020]
Jeep	Wrangler,143,5995.0,43870.0,26499,[1994, 1998, 2001, 2003, 2004, 2005, 2008, 2009, 2010, 2011, 2012, 2013, 2014, 2015, 2016, 2017, 2018, 2019, 2020, 2021]
Jeep	Wrangler Unlimited,750,10999.0,88500.0,37692,[2007, 2008, 2009, 2010, 2011, 2012, 2013, 2014, 2015, 2016, 2017, 2018, 2019, 2020, 2021]
Kaiser	Manhattan,1,12995.0,12995.0,12995,[1953]
Karma	Revero GT,1,149800.0,149800.0,149800,[2020]
Kia	Amanti,2,2899.0,4995.0,3947,[2004, 2007]
Kia	Borrego,1,6495.0,6495.0,6495,[2009]
Kia	Cadenza,25,12225.0,42676.0,24037,[2014, 2015, 2016, 2017, 2018, 2019, 2020]
Kia	Forte,514,2999.0,24485.0,17059,[2010, 2012, 2013, 2014, 2015, 2016, 2017, 2018, 2019, 2020, 2021]
Kia	Forte Koup,6,4995.0,14759.0,8919,[2010, 2013, 2015, 2016]
Kia	Forte5,30,3199.0,19999.0,11193,[2011, 2012, 2013, 2015, 2016, 2017, 2018]
Kia	K5,194,24210.0,34155.0,26956,[2021]
Kia	K900,4,54861.0,58896.0,56853,[2020]
Kia	Niro,108,13990.0,34985.0,24056,[2017, 2018, 2019, 2020]
Kia	Niro EV,40,34995.0,47090.0,43416,[2019, 2020]
Kia	Niro Hybrid Plug-In,18,20998.0,37760.0,33251,[2019, 2020]
Kia	Optima,377,3299.0,38335.0,15805,[2008, 2010, 2011, 2012, 2013, 2014, 2015, 2016, 2017, 2018, 2019, 2020]
Kia	Optima Hybrid,5,6495.0,30280.0,12745,[2011, 2012, 2013, 2014, 2017]
Kia	Optima Hybrid Plug-In ,3,15947.0,16985.0,16475,[2017]
Kia	Rio,89,2499.0,22290.0,14641,[2006, 2008, 2009, 2012, 2013, 2014, 2016, 2017, 2018, 2019, 2020]
Kia	Rio5,24,3999.0,18805.0,15536,[2012, 2015, 2016, 2018, 2019, 2020]
Kia	Rondo,6,2399.0,4995.0,3727,[2007, 2008]
Kia	Sedona,159,1999.0,44715.0,25810,[2006, 2007, 2008, 2009, 2010, 2011, 2012, 2014, 2015, 2016, 2017, 2018, 2019, 2020, 2021]
Kia	Seltos,131,19500.0,34655.0,25999,[2021]
Kia	Sephia,2,795.0,1495.0,1145,[2000, 2001]
Kia	Sorento,619,3499.0,48690.0,24137,[2004, 2007, 2008, 2009, 2011, 2012, 2013, 2014, 2015, 2016, 2017, 2018, 2019, 2020]
Kia	Soul,402,4450.0,29570.0,16515,[2010, 2011, 2012, 2013, 2014, 2015, 2016, 2017, 2018, 2019, 2020, 2021]
Kia	Soul EV,12,10980.0,15674.0,13188,[2016, 2017]
Kia	Spectra,5,2995.0,3995.0,3296,[2006, 2007, 2008, 2009]
Kia	Sportage,1048,3995.0,41865.0,24917,[2007, 2008, 2009, 2010, 2011, 2012, 2013, 2014, 2015, 2016, 2017, 2018, 2019, 2020, 2021]
Kia	Stinger,47,21495.0,54850.0,41089,[2018, 2019, 2020]
Kia	Telluride,91,34090.0,54465.0,42941,[2020, 2021]
Lamborghini	Aventador,3,249990.0,360905.0,320298,[2014, 2017, 2018]
Lamborghini	Gallardo,1,105995.0,105995.0,105995,[2008]
Lamborghini	Huracan,7,165998.0,339990.0,217032,[2015, 2016, 2017, 2018, 2020]
Lamborghini	Urus,3,238995.0,279999.0,257329,[2019, 2020]
Land Rover	Defender,61,57360.0,88745.0,75680,[2020]
Land Rover	Discovery,103,3495.0,83900.0,59840,[2003, 2017, 2018, 2019, 2020]
Land Rover	Discovery Sport,272,20981.0,75899.0,43109,[2015, 2016, 2017, 2018, 2019, 2020]
Land Rover	Freelander,1,3895.0,3895.0,3895,[2005]
Land Rover	LR2,9,3199.0,16495.0,10741,[2008, 2009, 2012, 2013, 2014, 2015]
Land Rover	LR3,4,5795.0,8495.0,6650,[2006, 2008]
Land Rover	LR4,13,9995.0,45990.0,26226,[2010, 2011, 2012, 2015, 2016]
Land Rover	Range Rover,146,8800.0,127980.0,76274,[2007, 2010, 2012, 2013, 2014, 2015, 2016, 2017, 2018, 2019, 2020]
Land Rover	Range Rover Evoque,184,15976.0,84399.0,40450,[2013, 2014, 2015, 2016, 2017, 2018, 2019, 2020]
Land Rover	Range Rover Hybrid,94,93640.0,113860.0,104054,[2020]
Land Rover	Range Rover Hybrid Plug-in,3,102352.0,109270.0,104847,[2020]
Land Rover	Range Rover Sport,223,6999.0,150100.0,61689,[2006, 2007, 2008, 2009, 2010, 2011, 2012, 2013, 2014, 2015, 2016, 2017, 2018, 2019, 2020]
Land Rover	Range Rover Velar,145,39384.0,102372.0,62189,[2018, 2019, 2020]
Land Rover	Series III,1,27950.0,27950.0,27950,[1973]
Lexus	CT Hybrid,16,7990.0,22799.0,14757,[2011, 2012, 2013, 2014, 2015, 2017]
Lexus	ES,105,35761.0,53020.0,44919,[2019, 2020]
Lexus	ES 300,7,1295.0,5500.0,3270,[1996, 2001, 2002, 2003]
Lexus	ES 300h,16,16450.0,34995.0,24481,[2013, 2014, 2015, 2017, 2018]
Lexus	ES 330,5,4299.0,8995.0,6605,[2004, 2005, 2006]
Lexus	ES 350,219,5500.0,35999.0,23415,[2007, 2008, 2009, 2010, 2011, 2012, 2013, 2014, 2015, 2016, 2017, 2018]
Lexus	ES Hybrid,44,34972.0,51895.0,49201,[2019, 2020]
Lexus	GS,2,42988.0,44199.0,43593,[2019]
Lexus	GS 300,4,6995.0,9995.0,8545,[2006]
Lexus	GS 350,78,7495.0,59600.0,32151,[2007, 2008, 2010, 2013, 2014, 2015, 2016, 2017, 2018, 2020]
Lexus	GS F,2,44495.0,89638.0,67066,[2016, 2020]
Lexus	GX,87,15898.0,67735.0,43148,[2010, 2011, 2012, 2013, 2014, 2016, 2017, 2018, 2019, 2020]
Lexus	GX 470,14,9000.0,17975.0,12288,[2004, 2005, 2006, 2007, 2008, 2009]
Lexus	HS 250h,1,10000.0,10000.0,10000,[2010]
Lexus	IS,137,4900.0,50050.0,32998,[2004, 2008, 2016, 2017, 2018, 2019, 2020]
Lexus	IS 250,52,4900.0,25422.0,15193,[2006, 2007, 2008, 2009, 2010, 2011, 2012, 2013, 2014, 2015]
Lexus	IS 350,18,15999.0,34765.0,25592,[2011, 2014, 2015, 2016, 2017, 2018]
Lexus	LC,8,64995.0,106565.0,87650,[2018, 2020, 2021]
Lexus	LC Hybrid,1,76888.0,76888.0,76888,[2018]
Lexus	LS,17,79155.0,108135.0,91290,[2020]
Lexus	LS 430,1,9995.0,9995.0,9995,[2004]
Lexus	LS 460,19,10995.0,47369.0,26041,[2007, 2008, 2009, 2010, 2011, 2013, 2014, 2015, 2016, 2017]
Lexus	LS 500,6,52995.0,90464.0,68009,[2018, 2019]
Lexus	LS 500h,1,65378.0,65378.0,65378,[2018]
Lexus	LS 600h L,1,12995.0,12995.0,12995,[2008]
Lexus	LX,6,94579.0,101123.0,98465,[2020]
Lexus	LX 470,3,5995.0,16985.0,13256,[2002, 2006, 2007]
Lexus	LX 570,11,21263.0,94140.0,45322,[2009, 2014, 2015, 2016, 2017, 2019]
Lexus	NX,72,26794.0,47127.0,37338,[2018, 2019, 2020, 2021]
Lexus	NX 200t,138,18900.0,34463.0,27198,[2015, 2016, 2017]
Lexus	NX Hybrid,18,21995.0,48320.0,39729,[2015, 2017, 2018, 2019, 2020, 2021]
Lexus	RC,11,40598.0,55820.0,50724,[2019, 2020]
Lexus	RC 300,7,27995.0,36998.0,30912,[2016, 2017]
Lexus	RC 350,7,19900.0,41487.0,32604,[2015, 2017, 2018]
Lexus	RC F,3,46999.0,68448.0,56779,[2015, 2019]
Lexus	RX,281,35658.0,64840.0,52218,[2018, 2019, 2020]
Lexus	RX 300,6,2995.0,5981.0,4236,[1999, 2000, 2001, 2002, 2003]
Lexus	RX 330,13,5995.0,10995.0,7445,[2004, 2005, 2006]
Lexus	RX 350,343,6800.0,48498.0,30113,[2007, 2008, 2009, 2010, 2011, 2012, 2013, 2014, 2015, 2016, 2017]
Lexus	RX 400h,6,5999.0,10885.0,8910,[2006, 2007, 2008]
Lexus	RX Hybrid,67,12995.0,63510.0,46844,[2010, 2011, 2013, 2016, 2017, 2018, 2019, 2020]
Lexus	SC 430,6,8491.0,16590.0,13257,[2002, 2004, 2005, 2006]
Lexus	UX,2,29156.0,34055.0,31605,[2019, 2020]
Lexus	UX Hybrid,35,27977.0,41980.0,38052,[2019, 2020]
Lincoln	Aviator,192,1980.0,89130.0,69790,[2004, 2005, 2020, 2021]
Lincoln	Continental,112,3995.0,89625.0,45464,[1980, 2002, 2017, 2018, 2019, 2020]
Lincoln	Corsair,355,36545.0,58585.0,45312,[2020, 2021]
Lincoln	MKC,169,14900.0,45115.0,25036,[2015, 2016, 2017, 2018, 2019]
Lincoln	MKS,19,5199.0,29990.0,12105,[2009, 2010, 2011, 2013, 2014, 2015, 2016]
Lincoln	MKT,35,6199.0,48573.0,21394,[2010, 2011, 2012, 2014, 2016, 2017, 2018, 2019]
Lincoln	MKX,143,3500.0,47210.0,25528,[2007, 2008, 2009, 2010, 2012, 2013, 2014, 2015, 2016, 2017, 2018]
Lincoln	MKZ,564,2999.0,57060.0,37293,[2007, 2008, 2009, 2010, 2011, 2012, 2013, 2014, 2015, 2016, 2017, 2018, 2019, 2020]
Lincoln	MKZ Hybrid,82,9995.0,49995.0,34338,[2013, 2014, 2015, 2016, 2017, 2018, 2019, 2020]
Lincoln	Mark LT,4,12995.0,23990.0,17118,[2007, 2008]
Lincoln	Mark VII,1,11975.0,11975.0,11975,[1988]
Lincoln	Mark VIII,1,27995.0,27995.0,27995,[1998]
Lincoln	Nautilus,243,35500.0,64905.0,52372,[2019, 2020]
Lincoln	Navigator,188,5699.0,101945.0,70564,[2003, 2005, 2007, 2008, 2010, 2011, 2012, 2013, 2014, 2015, 2017, 2018, 2019, 2020]
Lincoln	Town Car,9,2500.0,9885.0,5272,[1993, 2002, 2003, 2006, 2007, 2008, 2009, 2011]
Lincoln	Zephyr,2,2500.0,3499.0,2999,[2006]
Lotus	Elan,1,29950.0,29950.0,29950,[1971]
Lotus	Elise,2,30000.0,35900.0,32950,[2000, 2005]
Lotus	Evora,12,74995.0,115795.0,104711,[2017, 2020]
MINI	Cooper,190,2200.0,39250.0,22278,[2003, 2004, 2005, 2006, 2007, 2008, 2009, 2010, 2011, 2012, 2013, 2014, 2015, 2016, 2017, 2018, 2019, 2020, 2021]
MINI	Cooper Clubman,72,6995.0,43085.0,28414,[2009, 2010, 2012, 2016, 2017, 2019, 2020]
MINI	Cooper Coupe,1,14990.0,14990.0,14990,[2013]
MINI	Cooper Paceman,3,12990.0,13999.0,13329,[2013, 2014, 2015]
MINI	Countryman,149,6495.0,46995.0,25981,[2011, 2012, 2013, 2014, 2015, 2016, 2017, 2018, 2019, 2020, 2021]
MINI	Roadster,1,12490.0,12490.0,12490,[2012]
Maserati	Ghibli,148,22995.0,94185.0,46064,[2014, 2015, 2016, 2017, 2018, 2019, 2020]
Maserati	GranSport,1,25995.0,25995.0,25995,[2005]
Maserati	GranTurismo,20,31500.0,148000.0,59327,[2008, 2009, 2010, 2011, 2013, 2014, 2015, 2016, 2017, 2018, 2019]
Maserati	Levante,134,34895.0,135994.0,83417,[2017, 2018, 2019, 2020]
Maserati	Quattroporte,56,9900.0,124721.0,74723,[2005, 2008, 2009, 2011, 2014, 2015, 2016, 2017, 2018, 2019, 2020]
Maybach	57,2,42995.0,43894.0,43444,[2006, 2007]
Mazda	CX-3,102,11500.0,29295.0,18685,[2016, 2017, 2018, 2019, 2020, 2021]
Mazda	CX-30,54,24000.0,31625.0,27952,[2020, 2021]
Mazda	CX-5,866,6991.0,38845.0,25250,[2013, 2014, 2015, 2016, 2017, 2018, 2019, 2020, 2021]
Mazda	CX-7,14,3999.0,10995.0,7349,[2007, 2008, 2009, 2010, 2011, 2012]
Mazda	CX-9,177,3995.0,53095.0,28067,[2008, 2009, 2010, 2011, 2012, 2013, 2014, 2015, 2016, 2017, 2018, 2019, 2020, 2021]
Mazda	MAZDA2,4,3399.0,8995.0,6601,[2011, 2013, 2014]
Mazda	MAZDA3,329,2499.0,32595.0,16267,[2005, 2006, 2007, 2008, 2009, 2010, 2011, 2012, 2013, 2014, 2015, 2016, 2017, 2018, 2019, 2020, 2021]
Mazda	MAZDA5,22,2899.0,11834.0,5898,[2007, 2008, 2009, 2010, 2012, 2013, 2015]
Mazda	MAZDA6,157,2792.0,37140.0,19648,[2004, 2005, 2007, 2009, 2010, 2011, 2012, 2013, 2014, 2015, 2016, 2017, 2018, 2019, 2020]
Mazda	MAZDASPEED3,3,6025.0,14990.0,11337,[2007, 2011, 2013]
Mazda	MPV,1,1995.0,1995.0,1995,[2003]
Mazda	MX-5 Miata,25,8450.0,36355.0,23069,[2006, 2010, 2012, 2014, 2015, 2016, 2017, 2018, 2020]
Mazda	Protege,1,3499.0,3499.0,3499,[1996]
Mazda	RX-7,2,14995.0,45995.0,30495,[1988, 1993]
Mazda	RX-8,1,9899.0,9899.0,9899,[2005]
Mazda	Tribute,8,1000.0,5695.0,3422,[2003, 2004, 2005, 2006, 2008, 2010]
McLaren	570S,3,139500.0,169000.0,156133,[2017, 2018]
McLaren	720S,1,269990.0,269990.0,269990,[2018]
McLaren	MP4-12C,1,104942.0,104942.0,104942,[2012]
Mercedes-Benz	190-Class,1,4995.0,4995.0,4995,[1988]
Mercedes-Benz	250,1,67000.0,67000.0,67000,[1967]
Mercedes-Benz	380-Class,1,15990.0,15990.0,15990,[1982]
Mercedes-Benz	A-Class,63,21950.0,61370.0,37376,[2019, 2020, 2021]
Mercedes-Benz	AMG GT,20,71800.0,229690.0,138995,[2016, 2017, 2018, 2019, 2020]
Mercedes-Benz	B-Class,1,15995.0,15995.0,15995,[2017]
Mercedes-Benz	C-Class,832,2499.0,95615.0,31347,[1999, 2002, 2004, 2005, 2006, 2007, 2008, 2009, 2010, 2011, 2012, 2013, 2014, 2015, 2016, 2017, 2018, 2019, 2020]
Mercedes-Benz	CL-Class,3,14999.0,18988.0,17525,[2009, 2010]
Mercedes-Benz	CLA-Class,155,13999.0,64790.0,29189,[2014, 2015, 2016, 2017, 2018, 2019, 2020, 2021]
Mercedes-Benz	CLK-Class,8,5995.0,12995.0,8482,[2000, 2003, 2004, 2005, 2006, 2007]
Mercedes-Benz	CLS-Class,49,5999.0,96600.0,50338,[2006, 2007, 2008, 2012, 2013, 2014, 2015, 2016, 2017, 2018, 2019, 2020]
Mercedes-Benz	E-Class,593,2500.0,132150.0,35141,[1995, 2002, 2003, 2005, 2006, 2007, 2008, 2009, 2010, 2011, 2012, 2013, 2014, 2015, 2016, 2017, 2018, 2019, 2020]
Mercedes-Benz	G-Class,44,23942.0,224890.0,113728,[2002, 2003, 2005, 2009, 2011, 2014, 2015, 2016, 2017, 2018, 2019, 2020]
Mercedes-Benz	GL-Class,76,7495.0,43800.0,21920,[2007, 2008, 2009, 2010, 2011, 2012, 2013, 2014, 2015, 2016]
Mercedes-Benz	GLA-Class,362,15495.0,61305.0,36611,[2015, 2016, 2017, 2018, 2019, 2020, 2021]
Mercedes-Benz	GLB-Class,145,37995.0,52475.0,45474,[2020, 2021]
Mercedes-Benz	GLC-Class,386,22000.0,100275.0,44858,[2016, 2017, 2018, 2019, 2020]
Mercedes-Benz	GLE-Class,358,21950.0,134055.0,50880,[2016, 2017, 2018, 2019, 2020, 2021]
Mercedes-Benz	GLK-Class,42,5998.0,29995.0,14141,[2010, 2011, 2012, 2013, 2014, 2015]
Mercedes-Benz	GLS-Class,196,28565.0,130480.0,57847,[2017, 2018, 2019, 2020]
Mercedes-Benz	M-Class,75,3499.0,39500.0,15739,[2002, 2004, 2006, 2007, 2008, 2009, 2010, 2011, 2012, 2013, 2014, 2015]
Mercedes-Benz	Metris,31,17747.0,43977.0,31639,[2016, 2017, 2018, 2019, 2020]
Mercedes-Benz	Metris Cargo,184,15995.0,37474.0,33752,[2016, 2017, 2019, 2020]
Mercedes-Benz	R-Class,7,7249.0,12995.0,9443,[2007, 2008, 2010, 2011]
Mercedes-Benz	S-Class,275,4000.0,187760.0,75571,[2000, 2002, 2003, 2004, 2006, 2007, 2008, 2009, 2010, 2011, 2012, 2013, 2014, 2015, 2016, 2017, 2018, 2019, 2020]
Mercedes-Benz	S-Class Coupe,24,48895.0,148740.0,84084,[2015, 2016, 2017, 2019]
Mercedes-Benz	SL-Class,67,6995.0,138528.0,70990,[1974, 1987, 1989, 1990, 1992, 1994, 1995, 2002, 2003, 2005, 2007, 2009, 2013, 2014, 2015, 2017, 2019, 2020]
Mercedes-Benz	SLC-Class,22,27695.0,76395.0,56651,[2017, 2018, 2019, 2020]
Mercedes-Benz	SLK-Class,7,17900.0,32995.0,24078,[2007, 2010, 2012, 2014, 2015]
Mercedes-Benz	SLR McLaren,1,859000.0,859000.0,859000,[2009]
Mercedes-Benz	SLS-Class,1,275000.0,275000.0,275000,[2014]
Mercedes-Benz	Sprinter,199,14900.0,90999.0,52156,[2010, 2013, 2014, 2015, 2016, 2019, 2020]
Mercedes-Benz	Sprinter Cargo,31,14995.0,63077.0,37096,[2011, 2012, 2013, 2014, 2015, 2016, 2017, 2018, 2019]
Mercury	Capri,1,5800.0,5800.0,5800,[1994]
Mercury	Grand Marquis,10,1850.0,7777.0,3941,[1997, 2001, 2002, 2003, 2004, 2005, 2009, 2010]
Mercury	Mariner,9,2995.0,5499.0,4001,[2005, 2008, 2009, 2010]
Mercury	Mariner Hybrid,2,2495.0,3420.0,2957,[2008, 2009]
Mercury	Milan,10,3499.0,6990.0,5238,[2006, 2007, 2009, 2010, 2011]
Mercury	Montego,1,4295.0,4295.0,4295,[2007]
Mercury	Monterey,2,1995.0,34990.0,18492,[1952, 2004]
Mercury	Mountaineer,4,2995.0,6999.0,5096,[2003, 2004, 2006, 2007]
Mercury	Sable,5,2995.0,4995.0,3615,[2000, 2002, 2004, 2008]
Mitsubishi	Eclipse,6,1999.0,7995.0,3913,[2003, 2006, 2007, 2008, 2011]
Mitsubishi	Eclipse Cross,80,14995.0,33500.0,23527,[2018, 2019, 2020]
Mitsubishi	Eclipse Spyder,2,2995.0,4900.0,3947,[1998, 2003]
Mitsubishi	Endeavor,8,3199.0,6995.0,4582,[2004, 2005, 2007, 2008, 2010, 2011]
Mitsubishi	Galant,6,1983.0,6995.0,4245,[2004, 2007, 2009, 2011, 2012]
Mitsubishi	Lancer,16,2899.0,9995.0,6950,[2004, 2008, 2009, 2010, 2011, 2012, 2013, 2014, 2016, 2017]
Mitsubishi	Lancer Evolution,5,24500.0,34995.0,29674,[2003, 2004, 2013, 2015]
Mitsubishi	Mirage,88,4995.0,18500.0,14377,[2014, 2015, 2017, 2018, 2019, 2020]
Mitsubishi	Mirage G4,90,7499.0,18500.0,16122,[2017, 2018, 2019, 2020]
Mitsubishi	Outlander,137,1995.0,31000.0,20458,[2003, 2006, 2007, 2008, 2009, 2010, 2011, 2012, 2013, 2014, 2015, 2016, 2017, 2018, 2019, 2020]
Mitsubishi	Outlander Hybrid Plug-in ,13,26499.0,40524.0,37333,[2018, 2019, 2020]
Mitsubishi	Outlander Sport,229,4995.0,29500.0,21124,[2011, 2012, 2013, 2014, 2015, 2016, 2017, 2018, 2019, 2020]
Nissan	350Z,6,6995.0,19999.0,12464,[2003, 2004, 2005, 2007]
Nissan	370Z,10,19995.0,48460.0,25550,[2009, 2012, 2014, 2017, 2019]
Nissan	Altima,1168,1899.0,37640.0,17681,[2001, 2002, 2003, 2004, 2005, 2006, 2007, 2008, 2009, 2010, 2011, 2012, 2013, 2014, 2015, 2016, 2017, 2018, 2019, 2020]
Nissan	Altima Coupe,14,2988.0,9800.0,7180,[2008, 2009, 2010, 2011, 2012, 2013]
Nissan	Altima Hybrid,6,5500.0,8995.0,6545,[2007, 2009, 2010, 2011]
Nissan	Armada,62,3999.0,69975.0,30695,[2005, 2006, 2008, 2010, 2011, 2012, 2013, 2015, 2017, 2018, 2019, 2020]
Nissan	Cube,3,3999.0,7900.0,5733,[2010, 2011, 2014]
Nissan	Frontier,87,5499.0,35245.0,20678,[2004, 2005, 2007, 2008, 2009, 2010, 2011, 2012, 2013, 2014, 2015, 2016, 2017, 2018, 2019, 2020]
Nissan	GT-R,8,58090.0,179980.0,107260,[2010, 2014, 2015, 2017, 2020]
Nissan	Juke,40,5995.0,18959.0,10267,[2011, 2012, 2013, 2014, 2015, 2016, 2017]
Nissan	Kicks,87,13995.0,24165.0,20691,[2018, 2019, 2020]
Nissan	LEAF,63,6995.0,45930.0,31918,[2012, 2013, 2014, 2016, 2017, 2018, 2019, 2020]
Nissan	Maxima,342,999.0,43550.0,20788,[2001, 2002, 2005, 2007, 2008, 2009, 2010, 2011, 2012, 2013, 2014, 2016, 2017, 2018, 2019, 2020]
Nissan	Murano,503,899.0,49765.0,26745,[2004, 2005, 2006, 2007, 2009, 2010, 2011, 2012, 2013, 2014, 2015, 2016, 2017, 2018, 2019, 2020]
Nissan	Murano CrossCabriolet,3,14995.0,19459.0,16649,[2014]
Nissan	NV Cargo,29,8985.0,35835.0,25151,[2012, 2014, 2015, 2016, 2017, 2018, 2019, 2020]
Nissan	NV Passenger,3,38464.0,42308.0,40190,[2019, 2020]
Nissan	NV200,31,5985.0,29998.0,15902,[2013, 2014, 2015, 2016, 2017, 2018, 2019, 2020]
Nissan	Pathfinder,390,1200.0,46255.0,21723,[1999, 2002, 2003, 2004, 2005, 2006, 2007, 2008, 2009, 2010, 2011, 2012, 2013, 2014, 2015, 2016, 2017, 2018, 2019, 2020]
Nissan	Pathfinder Hybrid,1,16000.0,16000.0,16000,[2014]
Nissan	Quest,24,2495.0,14985.0,8083,[2000, 2002, 2004, 2007, 2008, 2009, 2011, 2012, 2013, 2015, 2016, 2017]
Nissan	Rogue,1683,2222.0,38080.0,20237,[2008, 2009, 2010, 2011, 2012, 2013, 2014, 2015, 2016, 2017, 2018, 2019, 2020]
Nissan	Rogue Hybrid,1,23459.0,23459.0,23459,[2018]
Nissan	Rogue Select,23,5995.0,17995.0,9934,[2014, 2015]
Nissan	Rogue Sport,453,12900.0,34345.0,21692,[2017, 2018, 2019, 2020]
Nissan	Sentra,678,1500.0,111111.0,13938,[1996, 2002, 2003, 2005, 2006, 2007, 2008, 2009, 2010, 2011, 2012, 2013, 2014, 2015, 2016, 2017, 2018, 2019, 2020]
Nissan	Titan,69,4199.0,67800.0,29671,[2004, 2005, 2006, 2007, 2008, 2009, 2010, 2011, 2012, 2014, 2015, 2016, 2017, 2018, 2019, 2020]
Nissan	Versa,177,1899.0,22250.0,11538,[2007, 2008, 2009, 2010, 2011, 2012, 2013, 2015, 2016, 2017, 2018, 2019, 2020]
Nissan	Versa Note,26,4995.0,10999.0,7955,[2014, 2015, 2016, 2017, 2019]
Nissan	Xterra,30,3495.0,23899.0,11014,[2004, 2006, 2007, 2008, 2009, 2010, 2011, 2012, 2013, 2014, 2015]
Oldsmobile	Alero,2,1495.0,1900.0,1697,[2002, 2003]
Oldsmobile	Delta 88,1,24000.0,24000.0,24000,[1966]
Oldsmobile	Toronado,1,22995.0,22995.0,22995,[1966]
Plymouth	Barracuda,1,60000.0,60000.0,60000,[1968]
Plymouth	Prowler,1,34950.0,34950.0,34950,[2000]
Pontiac	Aztek,1,3000.0,3000.0,3000,[2002]
Pontiac	Fiero,1,9999.0,9999.0,9999,[1984]
Pontiac	Firebird,4,6995.0,26950.0,19236,[1976, 1989, 1993, 1997]
Pontiac	G6,14,1500.0,6990.0,4180,[2006, 2007, 2008, 2009, 2010]
Pontiac	G8,3,17500.0,29995.0,22598,[2009]
Pontiac	GTO,4,13988.0,39950.0,24727,[1970, 2004, 2006]
Pontiac	Grand Am,3,1998.0,2695.0,2314,[1995, 2003, 2004]
Pontiac	Grand Prix,4,2499.0,13999.0,5873,[1976, 2004, 2006, 2008]
Pontiac	Sunfire,1,1299.0,1299.0,1299,[2002]
Pontiac	Torrent,2,3800.0,7444.0,5622,[2006, 2008]
Pontiac	Vibe,16,2995.0,6800.0,4402,[2003, 2004, 2005, 2006, 2007, 2008, 2009]
Porsche	356,1,18995.0,18995.0,18995,[1956]
Porsche	718 Boxster,6,45894.0,88995.0,67929,[2017, 2019]
Porsche	718 Cayman,13,47995.0,119470.0,77440,[2017, 2018, 2019, 2020]
Porsche	911,113,21675.0,329500.0,117131,[1983, 1987, 1989, 1991, 1993, 1995, 1996, 1997, 1999, 2002, 2004, 2005, 2006, 2007, 2008, 2009, 2010, 2011, 2012, 2013, 2014, 2015, 2016, 2017, 2018, 2019, 2020, 2021]
Porsche	912,1,105500.0,105500.0,105500,[1968]
Porsche	928,1,12999.0,12999.0,12999,[1986]
Porsche	944,1,10995.0,10995.0,10995,[1986]
Porsche	Boxster,13,5999.0,39999.0,18713,[1997, 1998, 1999, 2001, 2002, 2003, 2004, 2006, 2011, 2013, 2014]
Porsche	Carrera GT,1,819000.0,819000.0,819000,[2005]
Porsche	Cayenne,113,8990.0,160540.0,54992,[2004, 2008, 2009, 2010, 2011, 2012, 2013, 2014, 2015, 2016, 2017, 2018, 2019, 2020]
Porsche	Cayenne E-Hybrid,8,43995.0,197990.0,82461,[2017, 2018, 2019, 2020]
Porsche	Cayenne Hybrid,1,27390.0,27390.0,27390,[2014]
Porsche	Cayman,7,26995.0,92490.0,53110,[2006, 2007, 2014, 2015, 2016]
Porsche	Macan,119,25950.0,94710.0,50381,[2015, 2016, 2017, 2018, 2019, 2020]
Porsche	Panamera,47,22995.0,143820.0,67201,[2010, 2011, 2012, 2013, 2014, 2015, 2016, 2017, 2018, 2019, 2020]
Porsche	Panamera E-Hybrid,4,76555.0,153995.0,121500,[2018, 2020]
Porsche	Panamera Hybrid,1,26995.0,26995.0,26995,[2013]
Porsche	Taycan,12,135010.0,206950.0,165574,[2020]
RAM	1500,1390,4891.0,72900.0,40416,[2011, 2012, 2013, 2014, 2015, 2016, 2017, 2018, 2019, 2020]
RAM	2500,172,4980.0,83375.0,51614,[2011, 2012, 2013, 2014, 2015, 2016, 2017, 2018, 2019, 2020, 2021]
RAM	3500,62,19990.0,88475.0,54539,[2011, 2012, 2014, 2015, 2017, 2018, 2019, 2020, 2021]
RAM	3500 Chassis,24,24500.0,63425.0,47021,[2013, 2016, 2018, 2019, 2020]
RAM	4500 Chassis,2,29999.0,39999.0,34999,[2011, 2018]
RAM	5500 Chassis,30,30990.0,75098.0,54203,[2011, 2012, 2013, 2015, 2016, 2017, 2018, 2019, 2020]
RAM	C/V,3,3680.0,8900.0,6493,[2013, 2014]
RAM	Dakota,1,11500.0,11500.0,11500,[2011]
RAM	ProMaster,164,9985.0,53970.0,30855,[2014, 2015, 2016, 2017, 2018, 2019, 2020, 2021]
RAM	ProMaster City,64,7777.0,30100.0,21960,[2015, 2016, 2017, 2018, 2019, 2020]
Rolls-Royce	Cullinan,1,459995.0,459995.0,459995,[2020]
Rolls-Royce	Dawn,3,198000.0,272995.0,231998,[2016, 2017, 2018]
Rolls-Royce	Ghost,11,109000.0,218388.0,165478,[2012, 2013, 2015, 2016, 2017, 2018]
Rolls-Royce	Phantom,2,155888.0,449995.0,302941,[2011, 2018]
Rolls-Royce	Phantom Drophead Coupe,5,169995.0,400000.0,265975,[2009, 2014, 2015, 2016]
Rolls-Royce	Silver Spur,1,13994.0,13994.0,13994,[1986]
Rolls-Royce	Wraith,8,152500.0,259995.0,190471,[2014, 2015, 2016, 2017, 2018]
Saab	9-3,11,3000.0,9990.0,5434,[1999, 2006, 2007, 2008, 2010, 2011]
Saab	9-3 SportCombi,2,5895.0,7900.0,6897,[2008]
Saab	9-5,7,1995.0,17988.0,7679,[2002, 2004, 2007, 2009, 2010, 2011]
Saab	9-7X,1,5999.0,5999.0,5999,[2008]
Saturn	Astra,1,5250.0,5250.0,5250,[2008]
Saturn	Aura,8,3995.0,6713.0,5123,[2007, 2008, 2009]
Saturn	ION,5,3495.0,4975.0,4012,[2003, 2004, 2007]
Saturn	L-Series,1,2799.0,2799.0,2799,[2003]
Saturn	Outlook,4,4995.0,5999.0,5716,[2007, 2009]
Saturn	S-Series,5,1500.0,6999.0,3137,[2000, 2001, 2002]
Saturn	Sky,4,6995.0,12997.0,8860,[2007, 2008, 2009]
Saturn	VUE,9,2499.0,5950.0,3625,[2003, 2004, 2006, 2007, 2008, 2009]
Scion	FR-S,10,11999.0,45000.0,20961,[2013, 2015]
Scion	iA,4,8299.0,11795.0,10137,[2016]
Scion	iM,2,12995.0,12999.0,12997,[2016]
Scion	iQ,2,4999.0,8991.0,6995,[2012]
Scion	tC,18,3995.0,14988.0,9159,[2006, 2008, 2010, 2011, 2012, 2013, 2014, 2015]
Scion	xA,5,2499.0,3999.0,3277,[2004, 2005, 2006]
Scion	xB,12,2495.0,13998.0,8155,[2006, 2008, 2009, 2011, 2012, 2013, 2015]
Scion	xD,10,3099.0,5900.0,4438,[2008, 2009, 2010, 2012, 2013]
Spyker	C8,1,305500.0,305500.0,305500,[2010]
Subaru	Ascent,115,26995.0,48828.0,40347,[2019, 2020, 2021]
Subaru	B9 Tribeca,4,3995.0,9575.0,6765,[2006, 2007]
Subaru	BRZ,13,11995.0,28143.0,19859,[2013, 2014, 2015, 2017, 2019, 2020]
Subaru	Baja,5,5995.0,10590.0,8412,[2005, 2006]
Subaru	Crosstrek,519,11995.0,33040.0,25695,[2016, 2017, 2018, 2019, 2020, 2021]
Subaru	Crosstrek Hybrid,18,31995.0,39403.0,35893,[2019, 2020]
Subaru	Forester,817,2495.0,37233.0,21524,[2002, 2003, 2004, 2005, 2006, 2007, 2008, 2009, 2010, 2011, 2012, 2013, 2014, 2015, 2016, 2017, 2018, 2019, 2020]
Subaru	Impreza,566,1500.0,30814.0,17530,[1999, 2004, 2006, 2007, 2008, 2009, 2010, 2011, 2012, 2013, 2014, 2015, 2016, 2017, 2018, 2019, 2020]
Subaru	Impreza WRX,19,6988.0,18991.0,14315,[2005, 2007, 2008, 2010, 2011, 2012, 2013, 2014]
Subaru	Impreza WRX STI,3,15995.0,26999.0,20993,[2010, 2011, 2013]
Subaru	Legacy,313,2695.0,37344.0,19175,[2003, 2004, 2005, 2006, 2007, 2009, 2010, 2011, 2012, 2013, 2014, 2015, 2016, 2017, 2018, 2019, 2020]
Subaru	Outback,632,1645.0,42313.0,24785,[2001, 2002, 2003, 2004, 2005, 2006, 2007, 2008, 2009, 2010, 2011, 2012, 2013, 2014, 2015, 2016, 2017, 2018, 2019, 2020]
Subaru	Tribeca,6,5900.0,14975.0,8887,[2008, 2009, 2010, 2011]
Subaru	WRX,115,16000.0,35886.0,25392,[2015, 2016, 2017, 2018, 2019, 2020]
Subaru	WRX STI,49,23995.0,46995.0,33441,[2015, 2016, 2017, 2018, 2019, 2020]
Subaru	XV Crosstrek,69,7495.0,19995.0,12709,[2013, 2014, 2015]
Subaru	XV Crosstrek Hybrid,5,10000.0,15999.0,12695,[2014]
Suzuki	Aerio,2,3999.0,4977.0,4488,[2006]
Suzuki	Equator,1,9495.0,9495.0,9495,[2012]
Suzuki	Grand Vitara,1,5995.0,5995.0,5995,[2011]
Suzuki	SX4,7,2495.0,7499.0,5046,[2007, 2009, 2011, 2013]
Suzuki	XL-7,4,1500.0,5995.0,3573,[2002, 2004, 2009]
Tesla	Model 3,11,40995.0,52681.0,46932,[2018, 2019, 2020]
Tesla	Model S,27,33500.0,79991.0,51270,[2012, 2013, 2015, 2016, 2017, 2018, 2019]
Tesla	Model X,10,58300.0,82995.0,71866,[2016, 2018, 2019]
Toyota	4Runner,180,2800.0,51113.0,34158,[1997, 1999, 2000, 2002, 2003, 2004, 2005, 2006, 2007, 2008, 2009, 2010, 2011, 2012, 2013, 2014, 2015, 2016, 2017, 2018, 2019, 2020, 2021]
Toyota	86,5,18890.0,30566.0,23955,[2017, 2019, 2020]
Toyota	Avalon,94,1999.0,45908.0,28335,[2002, 2003, 2005, 2006, 2007, 2010, 2011, 2012, 2013, 2014, 2015, 2016, 2017, 2018, 2019, 2020, 2021]
Toyota	Avalon Hybrid,33,8995.0,46587.0,36130,[2013, 2014, 2015, 2016, 2018, 2020]
Toyota	C-HR,129,16500.0,111111.0,22340,[2018, 2019, 2020]
Toyota	Camry,1174,1660.0,38996.0,19791,[1998, 1999, 2000, 2001, 2002, 2003, 2004, 2005, 2006, 2007, 2008, 2009, 2010, 2011, 2012, 2013, 2014, 2015, 2016, 2017, 2018, 2019, 2020]
Toyota	Camry Hybrid,152,2200.0,39829.0,26758,[2007, 2008, 2009, 2010, 2011, 2012, 2013, 2014, 2015, 2016, 2017, 2018, 2019, 2020]
Toyota	Camry Solara,14,1680.0,10439.0,6156,[2001, 2004, 2005, 2006, 2007, 2008]
Toyota	Celica,1,3499.0,3499.0,3499,[2003]
Toyota	Corolla,804,1799.0,28619.0,15544,[1999, 2001, 2002, 2003, 2004, 2005, 2006, 2007, 2008, 2009, 2010, 2011, 2012, 2013, 2014, 2015, 2016, 2017, 2018, 2019, 2020, 2021]
Toyota	Corolla Hatchback,30,16060.0,28242.0,22819,[2019, 2020, 2021]
Toyota	Corolla Hybrid,33,22998.0,25269.0,24406,[2020, 2021]
Toyota	Corolla iM,13,13800.0,17991.0,15729,[2017, 2018]
Toyota	ECHO,2,3599.0,3781.0,3690,[2000, 2003]
Toyota	FJ Cruiser,23,9999.0,35995.0,19908,[2007, 2009, 2010, 2012, 2014]
Toyota	Highlander,972,3750.0,111111.0,32911,[2001, 2002, 2003, 2004, 2005, 2006, 2007, 2008, 2009, 2010, 2011, 2012, 2013, 2014, 2015, 2016, 2017, 2018, 2019, 2020]
Toyota	Highlander Hybrid,126,9500.0,51718.0,39983,[2008, 2009, 2010, 2011, 2012, 2013, 2015, 2017, 2018, 2019, 2020]
Toyota	Land Cruiser,12,8888.0,89365.0,62925,[1990, 2003, 2004, 2007, 2013, 2020]
Toyota	MR2 Spyder,1,11995.0,11995.0,11995,[2001]
Toyota	Matrix,27,2795.0,9700.0,6084,[2004, 2005, 2006, 2007, 2008, 2009, 2010]
Toyota	Prius,204,1920.0,38217.0,17464,[2004, 2005, 2006, 2007, 2008, 2009, 2010, 2011, 2012, 2013, 2014, 2015, 2016, 2017, 2018, 2019, 2020, 2021]
Toyota	Prius Plug-In,4,9950.0,11900.0,10978,[2012, 2013, 2014]
Toyota	Prius Prime,244,15999.0,41954.0,28555,[2017, 2018, 2020]
Toyota	Prius c,15,4990.0,15900.0,10255,[2012, 2013, 2014, 2015, 2016, 2017, 2018]
Toyota	Prius v,19,7995.0,20126.0,12429,[2012, 2013, 2014, 2015, 2016, 2017]
Toyota	RAV4,1497,3997.0,111111.0,22210,[1999, 2003, 2004, 2005, 2006, 2007, 2008, 2009, 2010, 2011, 2012, 2013, 2014, 2015, 2016, 2017, 2018, 2019, 2020]
Toyota	RAV4 Hybrid,146,13995.0,41338.0,30498,[2016, 2017, 2018, 2019, 2020]
Toyota	RAV4 Prime,2,41338.0,42510.0,41924,[2021]
Toyota	Sequoia,50,3077.0,71373.0,40078,[2001, 2002, 2003, 2004, 2007, 2008, 2010, 2011, 2013, 2014, 2015, 2016, 2018, 2019, 2020]
Toyota	Sienna,371,1980.0,51462.0,23332,[1999, 2002, 2003, 2004, 2005, 2006, 2007, 2008, 2009, 2010, 2011, 2012, 2013, 2014, 2015, 2016, 2017, 2018, 2019, 2020]
Toyota	Supra,47,46995.0,61899.0,54691,[2020, 2021]
Toyota	Tacoma,330,4999.0,49309.0,32249,[1999, 2002, 2003, 2004, 2005, 2006, 2007, 2008, 2009, 2010, 2011, 2012, 2013, 2014, 2015, 2016, 2017, 2018, 2019, 2020, 2021]
Toyota	Tundra,153,4499.0,56991.0,33851,[2000, 2002, 2003, 2004, 2005, 2006, 2007, 2008, 2010, 2011, 2012, 2013, 2014, 2015, 2016, 2017, 2018, 2019, 2020, 2021]
Toyota	Venza,51,7999.0,42869.0,20941,[2009, 2010, 2011, 2012, 2013, 2014, 2015, 2021]
Toyota	Yaris,51,1989.0,19705.0,13241,[2007, 2008, 2009, 2010, 2012, 2014, 2015, 2016, 2017, 2018, 2019, 2020]
Toyota	Yaris iA,28,10595.0,111111.0,16316,[2017, 2018]
Volkswagen	Arteon,29,28997.0,49199.0,40711,[2019, 2020]
Volkswagen	Atlas,209,22488.0,52344.0,39634,[2018, 2019, 2021]
Volkswagen	Atlas Cross Sport,143,30980.0,51869.0,41422,[2020]
Volkswagen	Beetle,40,2899.0,30395.0,11891,[1999, 2003, 2004, 2005, 2006, 2008, 2009, 2010, 2012, 2013, 2014, 2015, 2016, 2017, 2018, 2019]
Volkswagen	CC,21,4995.0,17690.0,9289,[2009, 2010, 2011, 2012, 2013, 2014, 2016, 2017]
Volkswagen	Cabrio,2,1699.0,3995.0,2847,[2001, 2002]
Volkswagen	Eos,7,3999.0,16975.0,10903,[2007, 2008, 2012, 2013, 2014]
Volkswagen	GTI,101,7495.0,38874.0,22822,[2008, 2011, 2012, 2013, 2014, 2015, 2016, 2017, 2018, 2019, 2020]
Volkswagen	Golf,50,1999.0,25709.0,16619,[2000, 2010, 2011, 2012, 2013, 2015, 2016, 2017, 2018, 2019, 2020]
Volkswagen	Golf Alltrack,65,16750.0,35620.0,26229,[2017, 2018, 2019]
Volkswagen	Golf R,11,14995.0,35995.0,26685,[2012, 2013, 2015, 2016, 2017, 2018]
Volkswagen	Golf SportWagen,29,8999.0,24965.0,17583,[2015, 2016, 2017, 2018, 2019]
Volkswagen	Jetta,727,1495.0,29659.0,16549,[2000, 2004, 2005, 2006, 2007, 2008, 2009, 2010, 2011, 2012, 2013, 2014, 2015, 2016, 2017, 2018, 2019, 2020]
Volkswagen	Jetta GLI,22,19400.0,32705.0,27206,[2019, 2020]
Volkswagen	Jetta Hybrid,3,8800.0,8995.0,8923,[2013, 2014]
Volkswagen	Jetta SportWagen,31,3499.0,15999.0,10697,[2009, 2011, 2012, 2013, 2014]
Volkswagen	Passat,431,2395.0,33069.0,16620,[2001, 2002, 2005, 2006, 2009, 2010, 2012, 2013, 2014, 2015, 2016, 2017, 2018, 2019, 2020]
Volkswagen	R32,3,11499.0,13975.0,12764,[2008]
Volkswagen	Rabbit,8,1895.0,8995.0,4413,[2006, 2007, 2008, 2009]
Volkswagen	Routan,10,4999.0,10990.0,7395,[2009, 2010, 2011, 2014]
Volkswagen	Super Beetle,1,19995.0,19995.0,19995,[1978]
Volkswagen	Tiguan,548,5550.0,41524.0,25109,[2009, 2010, 2011, 2012, 2013, 2014, 2015, 2016, 2017, 2018, 2019, 2020]
Volkswagen	Touareg,25,5990.0,31795.0,17722,[2004, 2010, 2011, 2012, 2013, 2014, 2015, 2016, 2017]
Volkswagen	Touareg 2,1,9990.0,9990.0,9990,[2009]
Volkswagen	e-Golf,7,12995.0,39925.0,29018,[2015, 2019]
Volvo	C30,2,5700.0,6991.0,6345,[2008, 2011]
Volvo	C70,6,1399.0,13000.0,7070,[1999, 2004, 2008, 2009, 2012]
Volvo	S40,7,3920.0,8995.0,6179,[2006, 2007, 2009, 2010, 2011]
Volvo	S60,301,2495.0,66440.0,32546,[2004, 2006, 2007, 2008, 2011, 2012, 2013, 2014, 2015, 2016, 2017, 2018, 2019, 2020, 2021]
Volvo	S80,17,3749.0,19999.0,7856,[2005, 2007, 2008, 2009, 2010, 2011, 2012, 2013, 2015]
Volvo	S90,65,24999.0,71785.0,37807,[2017, 2018, 2019, 2020]
Volvo	V50,2,3699.0,6000.0,4849,[2005, 2008]
Volvo	V60,88,7499.0,53725.0,41256,[2015, 2016, 2017, 2018, 2020]
Volvo	V70,1,4995.0,4995.0,4995,[2000]
Volvo	V90,26,32959.0,64095.0,49893,[2017, 2018, 2019, 2020]
Volvo	XC,1,1799.0,1799.0,1799,[2002]
Volvo	XC40,149,28575.0,48205.0,41664,[2019, 2020, 2021]
Volvo	XC60,476,6500.0,75885.0,46693,[2010, 2011, 2012, 2013, 2014, 2015, 2016, 2017, 2018, 2019, 2020, 2021]
Volvo	XC70,30,1980.0,27987.0,10645,[2003, 2004, 2005, 2006, 2007, 2008, 2009, 2010, 2011, 2012, 2013, 2015, 2016]
Volvo	XC90,418,1999.0,91535.0,53862,[2004, 2005, 2006, 2007, 2008, 2009, 2011, 2012, 2013, 2014, 2016, 2017, 2018, 2019, 2020, 2021]
smart	fortwo,15,2595.0,13888.0,9374,[2008, 2009, 2012, 2014, 2016, 2017]
