Jeep,Renegade,5786,9400.00,37110.00,21705.75,2015|2016|2017|2018|2019|2020
Subaru,WRX STI,279,21816.00,64999.00,34605.98,2015|2016|2017|2018|2019|2020
Land Rover,Discovery,460,1750.00,83900.00,58263.25,1998|1999|2003|2004|2017|2018|2019|2020
Land Rover,Range Rover Velar,577,39384.00,104615.00,63949.67,2018|2019|2020
BMW,3 Series,4541,1500.00,69430.00,28834.63,1979|1984|1986|1987|1988|1995|1996|1997|1998|1999|2000|2001|2002|2003|2004|2005|2006|2007|2008|2009|2010|2011|2012|2013|2014|2015|2016|2017|2018|2019|2020|2021
Mazda,CX-5,8721,6991.00,40255.00,27304.09,2013|2014|2015|2016|2017|2018|2019|2020|2021
Chevrolet,Malibu,9338,995.00,37819.00,17781.79,1998|2000|2001|2002|2003|2004|2005|2006|2007|2008|2009|2010|2011|2012|2013|2014|2015|2016|2017|2018|2019|2020|2021
Jeep,Grand Cherokee,19406,650.00,111020.00,33778.20,1994|1995|1997|1998|1999|2000|2001|2002|2003|2004|2005|2006|2007|2008|2009|2010|2011|2012|2013|2014|2015|2016|2017|2018|2019|2020|2021
Jeep,Compass,10772,2495.00,320150.00,23814.56,2007|2008|2009|2010|2011|2012|2013|2014|2015|2016|2017|2018|2019|2020|2021
Subaru,Impreza,4777,1500.00,208070.00,18500.50,1995|1997|1999|2001|2002|2004|2005|2006|2007|2008|2009|2010|2011|2012|2013|2014|2015|2016|2017|2018|2019|2020
Hyundai,Veloster,477,2999.00,29295.00,13653.29,2012|2013|2014|2015|2016|2017|2019|2020|2021
Chevrolet,Equinox,24572,1500.00,43875.00,23519.50,2005|2006|2007|2008|2009|2010|2011|2012|2013|2014|2015|2016|2017|2018|2019|2020
Land Rover,Range Rover Sport,980,6995.00,150100.00,58651.53,2006|2007|2008|2009|2010|2011|2012|2013|2014|2015|2016|2017|2018|2019|2020
Chevrolet,Silverado 1500,22284,1399.00,138332.00,37990.03,1999|2000|2001|2002|2003|2004|2005|2006|2007|2008|2009|2010|2011|2012|2013|2014|2015|2016|2017|2018|2019|2020
Mercedes-Benz,GLC-Class,2183,20581.00,100275.00,45971.18,2016|2017|2018|2019|2020
Ford,Explorer,16792,495.00,64182.00,36821.08,1991|1994|1995|1996|1997|1998|1999|2000|2001|2002|2003|2004|2005|2006|2007|2008|2009|2010|2011|2012|2013|2014|2015|2016|2017|2018|2019|2020|2021
Lincoln,Navigator,1077,1995.00,105960.00,68002.15,1999|2000|2001|2003|2004|2005|2006|2007|2008|2009|2010|2011|2012|2013|2014|2015|2016|2017|2018|2019|2020
Subaru,Outback,8976,498.00,43644.00,26424.54,2000|2001|2002|2003|2004|2005|2006|2007|2008|2009|2010|2011|2012|2013|2014|2015|2016|2017|2018|2019|2020|2021
Mercedes-Benz,GLE-Class,1644,21950.00,134055.00,52103.88,2016|2017|2018|2019|2020|2021
Hyundai,Tucson,10879,1800.00,35930.00,24829.13,2005|2006|2007|2008|2009|2010|2011|2012|2013|2014|2015|2016|2017|2018|2019|2020|2021
BMW,2 Series,593,12995.00,59835.00,39613.96,2014|2015|2016|2017|2018|2019|2020|2021
Chrysler,Pacifica,4947,495.00,54660.00,31794.65,2004|2005|2006|2007|2008|2017|2018|2019|2020
Chevrolet,Suburban,2747,1998.00,93885.00,45890.19,1950|1952|1969|1972|1979|1995|1997|1998|1999|2000|2001|2002|2003|2004|2005|2006|2007|2008|2009|2010|2011|2012|2013|2014|2015|2016|2017|2018|2019|2020|2021
Chevrolet,Camaro,2480,350.00,238900.00,31412.37,1967|1968|1969|1970|1971|1972|1973|1976|1977|1979|1981|1982|1983|1984|1985|1986|1987|1988|1989|1990|1991|1992|1993|1994|1995|1996|1997|1998|1999|2000|2001|2002|2010|2011|2012|2013|2014|2015|2016|2017|2018|2019|2020|2021
Chevrolet,Trax,15211,4499.00,36744.00,20297.21,2015|2016|2017|2018|2019|2020|2021
Audi,SQ5,265,16995.00,69480.00,49841.11,2014|2015|2016|2017|2018|2019|2020
Jaguar,E-PACE,338,28733.00,65375.00,48125.99,2018|2019|2020
Nissan,Maxima,2428,999.00,47115.00,22040.00,1987|1994|1998|2000|2001|2002|2003|2004|2005|2006|2007|2008|2009|2010|2011|2012|2013|2014|2016|2017|2018|2019|2020
Jeep,Cherokee,12180,1995.00,43680.00,25786.72,1995|1996|1997|1998|1999|2000|2001|2014|2015|2016|2017|2018|2019|2020|2021
Mercedes-Benz,C-Class,3977,1500.00,99320.00,33367.85,1997|1998|1999|2000|2001|2002|2003|2004|2005|2006|2007|2008|2009|2010|2011|2012|2013|2014|2015|2016|2017|2018|2019|2020
Volkswagen,Tiguan,4977,4500.00,41524.00,25247.21,2009|2010|2011|2012|2013|2014|2015|2016|2017|2018|2019|2020
Land Rover,Range Rover Hybrid,270,85488.00,121065.00,104830.71,2020
Ford,F-350 Super Duty,2960,2950.00,95000.00,46957.39,1999|2000|2001|2002|2003|2004|2005|2006|2007|2008|2009|2010|2011|2012|2013|2014|2015|2016|2017|2018|2019|2020
Chevrolet,Colorado,4121,2595.00,53180.00,30662.08,2004|2005|2006|2007|2008|2009|2010|2011|2012|2015|2016|2017|2018|2019|2020|2021
Nissan,Pathfinder,3567,1200.00,48740.00,24509.41,1995|1997|1998|1999|2000|2001|2002|2003|2004|2005|2006|2007|2008|2009|2010|2011|2012|2013|2014|2015|2016|2017|2018|2019|2020
Chevrolet,Tahoe,5514,1700.00,88220.00,51086.63,1996|1997|1998|1999|2000|2001|2002|2003|2004|2005|2006|2007|2008|2009|2010|2011|2012|2013|2014|2015|2016|2017|2018|2019|2020|2021
Chevrolet,Blazer,4055,495.00,492300.00,35721.80,1973|1975|1977|1985|1987|1989|1991|1992|1993|1994|1996|1997|1998|1999|2000|2001|2002|2003|2004|2005|2019|2020|2021
Kia,Sorento,5585,995.00,48690.00,22083.49,2003|2004|2005|2006|2007|2008|2009|2011|2012|2013|2014|2015|2016|2017|2018|2019|2020
RAM,1500,20167,4205.00,222000.00,40012.52,2011|2012|2013|2014|2015|2016|2017|2018|2019|2020|2021
Dodge,Challenger,2918,8500.00,169995.00,36016.10,1970|1971|1972|1973|1974|2008|2009|2010|2011|2012|2013|2014|2015|2016|2017|2018|2019|2020
Chevrolet,Impala,3239,990.00,79999.00,17461.89,1960|1962|1963|1964|1965|1966|1967|1968|1969|1984|1994|1995|1996|2000|2001|2002|2003|2004|2005|2006|2007|2008|2009|2010|2011|2012|2013|2014|2015|2016|2017|2018|2019|2020
Porsche,Cayenne,948,4995.00,179950.00,66425.99,2004|2005|2006|2008|2009|2010|2011|2012|2013|2014|2015|2016|2017|2018|2019|2020|2021
Jaguar,F-PACE,1074,25678.00,94670.00,51744.69,2017|2018|2019|2020
Mercedes-Benz,GLK-Class,253,5998.00,29995.00,15651.83,2010|2011|2012|2013|2014|2015
BMW,5 Series,3069,2100.00,93435.00,37778.20,1997|1998|1999|2000|2001|2002|2003|2004|2005|2006|2007|2008|2009|2010|2011|2012|2013|2014|2015|2016|2017|2018|2019|2020|2021
Honda,Pilot,7943,1700.00,51795.00,32820.31,2003|2004|2005|2006|2007|2008|2009|2010|2011|2012|2013|2014|2015|2016|2017|2018|2019|2020|2021
Ford,E-Series,842,985.00,44963.00,11629.53,1994|1995|1996|1997|1998|1999|2000|2001|2002|2003|2004|2005|2006|2007|2008|2009|2010|2011|2012|2013|2014
Chrysler,Town & Country,1766,299.00,47900.00,10082.58,1947|2000|2001|2002|2003|2004|2005|2006|2007|2008|2009|2010|2011|2012|2013|2014|2015|2016
Nissan,Altima,10891,900.00,37640.00,18996.86,1995|1997|1998|1999|2000|2001|2002|2003|2004|2005|2006|2007|2008|2009|2010|2011|2012|2013|2014|2015|2016|2017|2018|2019|2020
Ford,Transit Connect,4287,3500.00,38075.00,24231.08,2010|2011|2012|2013|2014|2015|2016|2017|2018|2019|2020|2021
BMW,X3,3423,2495.00,69020.00,39711.55,2004|2005|2006|2007|2008|2009|2010|2011|2012|2013|2014|2015|2016|2017|2018|2019|2020|2021
Mercedes-Benz,E-Class,3030,2500.00,133690.00,37994.37,1994|1995|1996|1997|1998|1999|2000|2001|2002|2003|2004|2005|2006|2007|2008|2009|2010|2011|2012|2013|2014|2015|2016|2017|2018|2019|2020
Audi,A4,1863,1400.00,55230.00,25369.84,2000|2001|2002|2003|2004|2005|2006|2007|2008|2009|2010|2011|2012|2013|2014|2015|2016|2017|2018|2019|2020
Nissan,Rogue Sport,3677,12900.00,35905.00,22296.01,2017|2018|2019|2020
Kia,Soul EV,53,10921.00,19990.00,14009.38,2015|2016|2017|2018|2019
Subaru,WRX,813,15435.00,39740.00,26854.83,2015|2016|2017|2018|2019|2020
Hyundai,Sonata,7875,988.00,36230.00,20256.98,2001|2002|2003|2004|2005|2006|2007|2008|2009|2010|2011|2012|2013|2014|2015|2016|2017|2018|2019|2020|2021
Porsche,Panamera Hybrid,3,26975.00,28991.00,27653.67,2012|2013
Jeep,Patriot,1971,1488.00,21999.00,12359.42,2007|2008|2009|2010|2011|2012|2013|2014|2015|2016|2017
Mercedes-Benz,GL-Class,396,6900.00,54999.00,22310.58,2007|2008|2009|2010|2011|2012|2013|2014|2015|2016
Lexus,LS 460,218,5999.00,52998.00,25093.45,2007|2008|2009|2010|2011|2012|2013|2014|2015|2016|2017
BMW,X4,288,19987.00,71570.00,46471.70,2015|2016|2017|2018|2019|2020|2021
Honda,Civic Coupe,1149,1499.00,28999.00,13544.07,1996|1997|1998|1999|2000|2001|2002|2003|2004|2005|2006|2007|2008|2009|2010|2011|2012|2013|2014|2015|2016|2017|2018|2019
INFINITI,G35,139,2400.00,13995.00,7510.24,2003|2004|2005|2006|2007|2008
Mercedes-Benz,Sprinter,1220,11450.00,163821.00,51915.52,2010|2011|2012|2013|2014|2015|2016|2017|2018|2019|2020
Audi,Q5,2638,7995.00,57670.00,35483.15,2009|2010|2011|2012|2013|2014|2015|2016|2017|2018|2019|2020
GMC,Canyon,1138,3950.00,47094.00,33434.01,2004|2005|2006|2007|2008|2009|2010|2011|2012|2015|2016|2017|2018|2019|2020|2021
Dodge,Journey,4273,2300.00,89999.00,18346.69,2009|2010|2011|2012|2013|2014|2015|2016|2017|2018|2019|2020
Acura,MDX,4343,1600.00,63745.00,38628.97,2001|2002|2003|2004|2005|2006|2007|2008|2009|2010|2011|2012|2013|2014|2015|2016|2017|2018|2019|2020
Toyota,Tacoma,4830,4400.00,54711.00,31259.36,1995|1996|1997|1999|2000|2001|2002|2003|2004|2005|2006|2007|2008|2009|2010|2011|2012|2013|2014|2015|2016|2017|2018|2019|2020|2021
Nissan,Titan,1260,3499.00,67800.00,38066.22,2004|2005|2006|2007|2008|2009|2010|2011|2012|2013|2014|2015|2016|2017|2018|2019|2020|2021
Audi,A3,965,5490.00,45745.00,26407.19,2006|2007|2008|2009|2011|2012|2013|2015|2016|2017|2018|2019|2020
Maserati,Levante,451,34895.00,174940.00,80909.54,2017|2018|2019|2020
Ford,F-150,36554,995.00,122135.00,41655.18,1977|1978|1979|1986|1987|1989|1991|1992|1993|1994|1995|1996|1997|1998|1999|2000|2001|2002|2003|2004|2005|2006|2007|2008|2009|2010|2011|2012|2013|2014|2015|2016|2017|2018|2019|2020|2021
GMC,Savana Cargo,578,3995.00,55990.00,25385.74,1999|2002|2003|2004|2005|2006|2007|2008|2009|2010|2011|2012|2013|2014|2015|2016|2017|2018|2019|2020
Acura,RSX,28,2200.00,19000.00,5856.43,2002|2003|2004|2005|2006
Jeep,Liberty,979,1695.00,109820.00,7781.10,2002|2003|2004|2005|2006|2007|2008|2009|2010|2011|2012
Toyota,Camry,12790,1495.00,48536.00,20551.65,1986|1988|1991|1992|1993|1994|1995|1996|1997|1998|1999|2000|2001|2002|2003|2004|2005|2006|2007|2008|2009|2010|2011|2012|2013|2014|2015|2016|2017|2018|2019|2020
GMC,Yukon XL,1345,1995.00,89850.00,49010.83,2000|2001|2002|2003|2004|2005|2006|2007|2008|2009|2010|2011|2012|2013|2014|2015|2016|2017|2018|2019|2020|2021
Mercedes-Benz,S-Class,1342,2999.00,219245.00,77442.08,1994|1995|1996|1997|1998|1999|2000|2001|2002|2003|2004|2005|2006|2007|2008|2009|2010|2011|2012|2013|2014|2015|2016|2017|2018|2019|2020
Mercedes-Benz,S-Class Coupe,114,48895.00,229993.00,86216.90,2015|2016|2017|2018|2019
Cadillac,CTS,1046,1800.00,76810.00,21702.55,2003|2004|2005|2006|2007|2008|2009|2010|2011|2012|2013|2014|2015|2016|2017|2018|2019
Ford,Edge,10349,2000.00,2698500.00,28240.68,2007|2008|2009|2010|2011|2012|2013|2014|2015|2016|2017|2018|2019|2020
Subaru,XV Crosstrek,534,5500.00,20299.00,13674.94,2013|2014|2015
GMC,Acadia,6846,2900.00,58070.00,29854.02,2007|2008|2009|2010|2011|2012|2013|2014|2015|2016|2017|2018|2019|2020|2021
INFINITI,Q70,64,15500.00,61163.00,28107.39,2014|2015|2016|2017|2018|2019
Kia,Sportage,7204,1995.00,41865.00,23536.68,1998|2002|2005|2006|2007|2008|2009|2010|2011|2012|2013|2014|2015|2016|2017|2018|2019|2020|2021
Toyota,RAV4,12897,1995.00,111111.00,23731.58,1996|1997|1999|2000|2001|2002|2003|2004|2005|2006|2007|2008|2009|2010|2011|2012|2013|2014|2015|2016|2017|2018|2019|2020|2021
Ford,Escape,22817,1400.00,164980.00,22581.18,2001|2002|2003|2004|2005|2006|2007|2008|2009|2010|2011|2012|2013|2014|2015|2016|2017|2018|2019|2020
Chevrolet,Silverado 3500HD,739,6995.00,80785.00,47996.02,2007|2008|2009|2010|2011|2012|2013|2014|2015|2016|2017|2018|2019|2020
Kia,Sedona,1589,1500.00,45275.00,25329.74,2003|2004|2005|2006|2007|2008|2009|2010|2011|2012|2014|2015|2016|2017|2018|2019|2020|2021
Honda,Odyssey,6487,995.00,52995.00,29646.13,1998|1999|2000|2001|2002|2003|2004|2005|2006|2007|2008|2009|2010|2011|2012|2013|2014|2015|2016|2017|2018|2019|2020|2021
Mercedes-Benz,SL-Class,515,2295.00,149939.00,55788.73,1967|1972|1973|1974|1975|1976|1979|1980|1985|1986|1987|1988|1989|1990|1991|1992|1993|1994|1995|1996|1997|1998|1999|2000|2001|2002|2003|2004|2005|2006|2007|2008|2009|2011|2012|2013|2014|2015|2016|2017|2018|2019|2020
Lincoln,MKZ Hybrid,464,6595.00,50890.00,29671.71,2011|2012|2013|2014|2015|2016|2017|2018|2019|2020
Volkswagen,Golf,598,1999.00,28105.00,17148.15,2000|2001|2003|2004|2005|2006|2010|2011|2012|2013|2014|2015|2016|2017|2018|2019|2020
Cadillac,CTS-V,16,12990.00,70000.00,45438.94,2005|2010|2011|2012|2013|2014|2016|2017
Hyundai,Santa Fe Sport,1746,7000.00,40370.00,17470.62,2013|2014|2015|2016|2017|2018
Kia,Niro,956,12629.00,34985.00,22891.71,2017|2018|2019|2020
Ford,Fusion,14417,1590.00,38240.00,19525.04,2006|2007|2008|2009|2010|2011|2012|2013|2014|2015|2016|2017|2018|2019|2020
Ford,Focus,4043,495.00,25995.00,9982.17,2000|2001|2002|2003|2004|2005|2006|2007|2008|2009|2010|2011|2012|2013|2014|2015|2016|2017|2018
Volkswagen,Arteon,392,26000.00,49324.00,39085.61,2019|2020
Toyota,Highlander Hybrid,2352,2700.00,53723.00,41248.69,2006|2007|2008|2009|2010|2011|2012|2013|2014|2015|2016|2017|2018|2019|2020
Lincoln,MKZ,3121,2990.00,57090.00,33485.40,2007|2008|2009|2010|2011|2012|2013|2014|2015|2016|2017|2018|2019|2020
GMC,Sierra 1500,6724,1399.00,92638.00,40736.14,1989|1990|1992|1993|1994|1996|1997|1998|1999|2000|2001|2002|2003|2004|2005|2006|2007|2008|2009|2010|2011|2012|2013|2014|2015|2016|2017|2018|2019|2020
Volvo,XC70,206,349.00,36988.00,10649.92,2003|2004|2005|2006|2007|2008|2009|2010|2011|2012|2013|2014|2015|2016
Toyota,Prius v,226,2990.00,35660.00,13586.83,2012|2013|2014|2015|2016|2017
Dodge,Nitro,185,2495.00,12990.00,7723.03,2007|2008|2009|2010|2011
RAM,2500,4133,4980.00,109820.00,50358.37,2011|2012|2013|2014|2015|2016|2017|2018|2019|2020|2021
Subaru,Crosstrek,4892,10495.00,39410.00,25943.40,2016|2017|2018|2019|2020|2021
Ford,Taurus,1436,799.00,42360.00,14321.88,1994|1997|1998|1999|2000|2001|2002|2003|2004|2005|2006|2007|2008|2009|2010|2011|2012|2013|2014|2015|2016|2017|2018|2019
Toyota,Corolla,9153,800.00,30075.00,16012.23,1991|1993|1995|1997|1998|1999|2000|2001|2002|2003|2004|2005|2006|2007|2008|2009|2010|2011|2012|2013|2014|2015|2016|2017|2018|2019|2020|2021
Nissan,Xterra,289,1895.00,24530.00,9355.70,2000|2001|2002|2003|2004|2005|2006|2007|2008|2009|2010|2011|2012|2013|2014|2015
Toyota,4Runner,2737,2450.00,55113.00,33661.65,1992|1994|1996|1997|1998|1999|2000|2001|2002|2003|2004|2005|2006|2007|2008|2009|2010|2011|2012|2013|2014|2015|2016|2017|2018|2019|2020|2021
Kia,Cadenza,243,9300.00,44880.00,23754.53,2014|2015|2016|2017|2018|2019|2020
Hyundai,Elantra GT,702,5750.00,29785.00,17561.69,2013|2014|2015|2016|2017|2018|2019|2020
Honda,HR-V,5880,8900.00,32440.00,23459.51,2016|2017|2018|2019|2020
Subaru,Legacy,3374,1650.00,38637.00,20887.37,1998|1999|2001|2002|2003|2004|2005|2006|2007|2008|2009|2010|2011|2012|2013|2014|2015|2016|2017|2018|2019|2020|2021
Jeep,Wrangler,1851,3985.00,55467.00,26013.11,1987|1989|1992|1993|1994|1995|1997|1998|1999|2000|2001|2002|2003|2004|2005|2006|2007|2008|2009|2010|2011|2012|2013|2014|2015|2016|2017|2018|2019|2020|2021
RAM,ProMaster,1607,9985.00,79777.00,34052.95,2014|2015|2016|2017|2018|2019|2020|2021
Lincoln,MKC,1245,12030.00,48975.00,24815.54,2015|2016|2017|2018|2019
Honda,Ridgeline,1267,3300.00,45476.00,34492.98,2006|2007|2008|2009|2010|2011|2012|2013|2014|2017|2018|2019|2020
Volvo,C70,51,1399.00,16949.00,9254.27,1999|2000|2004|2006|2007|2008|2009|2010|2011|2012|2013
Acura,TLX,1882,11995.00,259881.00,29912.80,2015|2016|2017|2018|2019|2020
INFINITI,EX35,69,4350.00,15555.00,10201.20,2008|2009|2010|2011|2012
Cadillac,XT6,1651,46174.00,76650.00,59577.90,2020|2021
INFINITI,QX50,1042,11498.00,61370.00,36859.14,2014|2015|2016|2017|2019|2020
Cadillac,DTS,162,3210.00,19580.00,8176.62,2006|2007|2008|2009|2010|2011
Chrysler,New Yorker,7,2000.00,12900.00,5936.29,1977|1978|1983|1989|1991|1992|1994
Mercury,Milan,105,1995.00,10695.00,5834.67,2006|2007|2008|2009|2010|2011
Toyota,Sequoia,538,2299.00,71851.00,41986.08,2001|2002|2003|2004|2005|2006|2007|2008|2009|2010|2011|2012|2013|2014|2015|2016|2017|2018|2019|2020
Toyota,FJ Cruiser,212,8995.00,48000.00,19855.31,2007|2008|2009|2010|2011|2012|2013|2014
Volkswagen,Routan,99,2588.00,12995.00,7277.13,2009|2010|2011|2012|2013|2014
Lexus,ES 350,1487,4499.00,39998.00,22921.78,2007|2008|2009|2010|2011|2012|2013|2014|2015|2016|2017|2018
INFINITI,G37,364,4495.00,25065.00,12477.98,2008|2009|2010|2011|2012|2013
Chevrolet,El Camino,22,8990.00,42995.00,23317.50,1964|1965|1966|1967|1969|1970|1971|1978|1979|1980|1985|1986|1987
Volvo,XC90,2691,1999.00,91535.00,50620.51,2004|2005|2006|2007|2008|2009|2010|2011|2012|2013|2014|2016|2017|2018|2019|2020|2021
Dodge,Avenger,336,895.00,20330.00,7046.48,2008|2009|2010|2011|2012|2013|2014
Kia,Niro Hybrid Plug-In,213,20998.00,39143.00,32912.85,2018|2019|2020
Jaguar,S-TYPE,19,2500.00,23900.00,7622.53,1967|2000|2001|2003|2004|2005|2007|2008
Chevrolet,Trailblazer,1525,950.00,32546.00,20708.03,2002|2003|2004|2005|2006|2007|2008|2009|2021
Volkswagen,Jetta SportWagen,241,2995.00,16995.00,10596.83,2009|2010|2011|2012|2013|2014
Honda,Accord Coupe,552,500.00,32010.00,12793.86,1995|1996|1998|1999|2000|2001|2002|2003|2004|2005|2006|2007|2008|2009|2010|2011|2012|2013|2014|2015|2016|2017
Kia,Niro EV,153,33648.00,47090.00,41929.39,2019|2020
Toyota,Matrix,182,2500.00,13500.00,6404.83,2003|2004|2005|2006|2007|2008|2009|2010|2011|2012|2013
Kia,Telluride,728,30800.00,56800.00,42705.66,2020|2021
Jeep,Gladiator,3013,31703.00,149999.00,48584.47,2020|2021
Honda,Accord Hybrid,1173,3000.00,36888.00,28313.99,2005|2014|2015|2017|2018|2019|2020
Chrysler,PT Cruiser,200,495.00,9950.00,3953.30,2001|2002|2003|2004|2005|2006|2007|2008|2009|2010
Acura,TL,431,1800.00,29998.00,9946.26,1998|1999|2000|2001|2002|2003|2004|2005|2006|2007|2008|2009|2010|2011|2012|2013|2014
Saab,9-5,38,1975.00,17988.00,6645.05,2000|2001|2002|2003|2004|2005|2006|2007|2008|2009|2010|2011
Toyota,Avalon,1197,1200.00,46753.00,26170.19,1996|1997|1998|1999|2000|2001|2002|2003|2004|2005|2006|2007|2008|2009|2010|2011|2012|2013|2014|2015|2016|2017|2018|2019|2020|2021
Hyundai,Palisade,1234,31999.00,54884.00,45511.67,2020|2021
BMW,M3,165,9500.00,82990.00,38095.33,1995|1997|1998|1999|2001|2002|2003|2004|2005|2006|2008|2009|2010|2011|2012|2013|2015|2016|2017|2018
Volvo,S40,87,1500.00,10800.00,5771.36,2001|2002|2004|2005|2006|2007|2008|2009|2010|2011
Ford,Ranger,4012,849.00,51605.00,33571.31,1988|1992|1993|1994|1995|1996|1997|1998|1999|2000|2001|2002|2003|2004|2005|2006|2007|2008|2009|2010|2011|2019|2020
Volkswagen,Atlas,2878,21000.00,54019.00,39500.27,2018|2019|2020|2021
Mitsubishi,Eclipse,77,1200.00,8995.00,5371.65,1990|1997|2000|2001|2003|2005|2006|2007|2008|2009|2011|2012
BMW,M4,183,33590.00,137200.00,64559.15,2015|2016|2017|2018|2019|2020
Mercedes-Benz,Metris,122,16900.00,79996.00,32911.10,2016|2017|2018|2019|2020
MINI,Cooper,1537,2200.00,47750.00,21389.59,2002|2003|2004|2005|2006|2007|2008|2009|2010|2011|2012|2013|2014|2015|2016|2017|2018|2019|2020|2021
Audi,S4,268,3200.00,68755.00,37684.75,2000|2004|2005|2006|2007|2009|2010|2011|2012|2013|2014|2015|2016|2018|2019|2020
Chevrolet,Malibu Maxx,33,999.00,6995.00,3798.58,2004|2005|2006|2007
BMW,3 Series Gran Turismo,114,13990.00,42591.00,26532.11,2014|2015|2016|2017|2018|2019
Chevrolet,Bolt EV,1484,13976.00,45520.00,29869.79,2017|2018|2019|2020
Audi,A8,405,4497.00,132805.00,59232.16,2000|2002|2004|2006|2007|2008|2010|2011|2012|2013|2014|2015|2016|2017|2018|2019|2020
BMW,5 Series Gran Turismo,52,9995.00,35991.00,21978.62,2010|2011|2012|2013|2014|2015|2016|2017
INFINITI,QX80,715,17995.00,93440.00,52647.25,2014|2015|2016|2017|2018|2019|2020|2021
BMW,M5,140,9995.00,128865.00,77856.67,2000|2001|2002|2003|2006|2007|2008|2012|2013|2014|2015|2016|2018|2019|2020|2021
Audi,RS 7,31,52494.00,89995.00,67483.81,2014|2015|2016|2017
Nissan,Sentra,7770,999.00,111111.00,15308.40,1996|1999|2000|2001|2002|2003|2004|2005|2006|2007|2008|2009|2010|2011|2012|2013|2014|2015|2016|2017|2018|2019|2020
Audi,S3,138,11995.00,55760.00,39383.83,2015|2016|2017|2018|2019|2020
Audi,Q3,1060,12995.00,46540.00,33118.98,2015|2016|2017|2018|2019|2020|2021
Ford,F-250 Super Duty,4228,2250.00,117000.00,42683.52,1999|2000|2001|2002|2003|2004|2005|2006|2007|2008|2009|2010|2011|2012|2013|2014|2015|2016|2017|2018|2019|2020
BMW,6 Series Gran Turismo,22,34995.00,52998.00,46638.41,2018|2019
RAM,5500 Chassis,526,16995.00,103147.00,57029.93,2011|2012|2013|2014|2015|2016|2017|2018|2019|2020
Acura,MDX Hybrid Sport,63,31217.00,61175.00,51886.79,2017|2018|2019|2020
Porsche,Macan,851,22254.00,104030.00,53942.04,2015|2016|2017|2018|2019|2020
BMW,1 Series,71,5995.00,19995.00,11827.31,2008|2009|2010|2011|2012|2013
Buick,Encore,5968,7995.00,36070.00,20722.89,2013|2014|2015|2016|2017|2018|2019|2020|2021
Chevrolet,Cruze Limited,326,5995.00,14997.00,10813.20,2016
Hyundai,Elantra Touring,75,1999.00,11995.00,6757.79,2009|2010|2011|2012
BMW,X5 M,131,16499.00,126095.00,80856.23,2010|2011|2012|2013|2015|2016|2017|2018|2020|2021
Volkswagen,Golf R,70,10399.00,43900.00,27234.00,2012|2013|2015|2016|2017|2018|2019
Chevrolet,C/K 1500,49,950.00,42995.00,10385.67,1988|1989|1990|1992|1993|1994|1995|1996|1997|1998
Lexus,CT Hybrid,169,7450.00,27955.00,15630.90,2011|2012|2013|2014|2015|2016|2017
Lincoln,Continental,912,2295.00,112206.00,46507.41,1948|1963|1968|1969|1972|1973|1974|1975|1977|1978|1979|1980|1995|1996|1999|2000|2001|2002|2017|2018|2019|2020
INFINITI,QX70,114,15912.00,56495.00,30493.25,2014|2015|2016|2017
Nissan,Versa,2732,1500.00,22250.00,13355.45,2007|2008|2009|2010|2011|2012|2013|2014|2015|2016|2017|2018|2019|2020
Toyota,Tundra,2266,1500.00,59500.00,35336.10,2000|2001|2002|2003|2004|2005|2006|2007|2008|2009|2010|2011|2012|2013|2014|2015|2016|2017|2018|2019|2020|2021
Ford,Focus RS,31,29677.00,39885.00,33263.65,2016|2017|2018
Audi,A4 Avant,40,1995.00,13995.00,8294.60,2004|2005|2006|2007|2008|2009|2010|2011|2012
Chevrolet,Caprice,23,3988.00,28995.00,12939.78,1966|1978|1986|1987|1991|1992|1993|1994|1995|1996|2011|2012|2013|2014|2015
Maserati,GranTurismo,146,27700.00,182712.00,79328.62,2008|2009|2010|2011|2012|2013|2014|2015|2016|2017|2018|2019
Saturn,ION,110,1000.00,5999.00,3767.71,2003|2004|2005|2006|2007
BMW,M6,73,13995.00,128888.00,44931.84,1988|2006|2007|2008|2009|2010|2012|2013|2014|2015|2016|2017|2018|2019
Audi,TTS,40,14941.00,62195.00,36852.65,2009|2010|2011|2012|2014|2015|2016|2017|2018|2019|2020
Mercedes-Benz,AMG GT,157,70000.00,229840.00,138359.46,2016|2017|2018|2019|2020
Chevrolet,Sonic,1145,2000.00,24164.00,12782.47,2012|2013|2014|2015|2016|2017|2018|2019|2020
Nissan,Cube,52,3799.00,9999.00,6111.31,2009|2010|2011|2012|2013|2014
Hyundai,Sonata Hybrid,414,3400.00,36900.00,19831.82,2011|2012|2013|2014|2015|2016|2017|2018|2019|2020|2021
Ford,Transit Cargo,3011,2995.00,426450.00,36146.26,1995|1999|2000|2006|2015|2016|2017|2018|2019|2020
Dodge,Stratus,26,1600.00,10000.00,3773.19,1998|1999|2000|2001|2002|2004|2005|2006
Tesla,Model S,233,23995.00,102769.00,48674.89,2012|2013|2014|2015|2016|2017|2018|2019|2020
Fisker,Karma,9,22000.00,39988.00,33013.44,2012
INFINITI,M37,64,6000.00,19800.00,14487.89,2011|2012|2013
BMW,X7,503,61994.00,116475.00,84592.09,2019|2020|2021
Lincoln,Corsair,1919,32995.00,60965.00,45957.20,2020|2021
Volvo,XC40,898,28575.00,50715.00,42444.17,2019|2020|2021
BMW,M2,58,37900.00,79900.00,57511.00,2016|2017|2018|2019|2020|2021
BMW,X4 M,32,67500.00,86585.00,79386.00,2020|2021
Toyota,C-HR,1163,14589.00,111111.00,22185.80,2018|2019|2020
Pontiac,G8,46,4500.00,34798.00,13730.50,2008|2009
INFINITI,QX60 Hybrid,8,10450.00,27981.00,17975.88,2014|2015
Porsche,Cayenne E-Hybrid,69,35824.00,198830.00,86573.42,2016|2017|2018|2019|2020
Lincoln,Nautilus,1648,26900.00,68260.00,50728.15,2019|2020
INFINITI,Q50,1696,5995.00,61128.00,30551.46,2014|2015|2016|2017|2018|2019|2020
Honda,Passport,1781,2499.00,49340.00,39031.03,2000|2001|2019|2020
Lexus,RX,1715,33970.00,65840.00,51763.97,2018|2019|2020|2021
Genesis,G70,522,29000.00,54515.00,43667.53,2019|2020|2021
Nissan,Frontier,1686,3500.00,45527.00,24908.49,1999|2000|2001|2002|2003|2004|2005|2006|2007|2008|2009|2010|2011|2012|2013|2014|2015|2016|2017|2018|2019|2020
Lexus,GX,759,15898.00,72330.00,44227.81,2010|2011|2012|2013|2014|2015|2016|2017|2018|2019|2020|2021
Audi,Q8,305,56990.00,102040.00,76822.82,2019|2020|2021
Chevrolet,Avalanche,334,1991.00,55249.00,13908.19,2002|2003|2004|2005|2006|2007|2008|2009|2010|2011|2012|2013
Dodge,Dakota,270,1000.00,29997.00,7334.22,1992|1994|1995|1996|1997|1998|1999|2000|2001|2002|2003|2004|2005|2006|2007|2008|2009|2010
Volvo,S90,439,2900.00,99999.00,40390.91,1998|2017|2018|2019|2020
Mitsubishi,Mirage G4,921,6950.00,22053.00,15854.68,2017|2018|2019|2020
MINI,Countryman,1020,4995.00,52735.00,26798.06,2011|2012|2013|2014|2015|2016|2017|2018|2019|2020|2021
Toyota,86,39,14995.00,32163.00,26450.13,2017|2019|2020
Ferrari,California T,21,124991.00,289900.00,155027.38,2015|2016|2017|2018
Kia,Optima Hybrid,104,6495.00,31571.00,14062.38,2011|2012|2013|2014|2015|2016|2017|2018|2020
Mitsubishi,Outlander Hybrid Plug-in,115,20401.00,44548.00,35943.40,2018|2019|2020
Pontiac,Vibe,160,1894.00,10900.00,5088.06,2003|2004|2005|2006|2007|2008|2009|2010
Pontiac,Grand Prix,115,995.00,37450.00,5384.90,1962|1964|1973|1976|1987|1991|1992|1993|1995|1997|1998|1999|2000|2001|2002|2003|2004|2005|2006|2007|2008
Lamborghini,Huracan,37,165998.00,339990.00,220420.86,2015|2016|2017|2018|2019|2020
Subaru,BRZ,98,8995.00,32007.00,24179.21,2013|2014|2015|2016|2017|2018|2019|2020
Hyundai,Ioniq Hybrid Plug-In,107,18991.00,34670.00,30282.82,2019|2020
Lincoln,Town Car,186,495.00,19999.00,7630.03,1987|1988|1989|1993|1994|1995|1996|1997|1998|1999|2000|2001|2002|2003|2004|2005|2006|2007|2008|2009|2010|2011
Cadillac,ELR,10,18950.00,35000.00,22316.70,2014
Honda,Crosstour,107,6995.00,25000.00,13497.94,2012|2013|2014|2015
Subaru,Impreza WRX,186,1800.00,26999.00,13451.68,2002|2003|2004|2005|2006|2007|2008|2009|2010|2011|2012|2013|2014
Kia,Forte Koup,83,1500.00,15990.00,9083.05,2010|2011|2012|2013|2014|2015|2016
INFINITI,Q40,23,12991.00,18575.00,15564.65,2015
Land Rover,LR2,65,3199.00,18450.00,10484.11,2008|2009|2010|2011|2012|2013|2014|2015
Ford,F-450 Super Duty,412,2795.00,120692.00,46371.91,1995|1996|1997|1999|2000|2002|2003|2004|2005|2006|2007|2008|2009|2010|2011|2012|2013|2014|2015|2016|2017|2018|2019|2020
Lexus,RX 400h,72,3995.00,14990.00,8686.69,2006|2007|2008
Alfa Romeo,Stelvio,943,22995.00,87845.00,44031.56,2018|2019|2020
Lexus,IS,654,4900.00,53755.00,33118.03,2002|2003|2004|2005|2008|2010|2013|2014|2016|2017|2018|2019|2020
Ford,C-Max Energi,273,4999.00,19998.00,14230.26,2013|2014|2015|2016|2017
Volkswagen,Atlas Cross Sport,1742,26062.00,59831.00,40475.02,2020
Porsche,911,766,16788.00,599000.00,103684.57,1967|1969|1971|1973|1976|1977|1978|1979|1981|1982|1983|1984|1985|1986|1987|1988|1989|1990|1991|1993|1994|1995|1996|1997|1998|1999|2000|2001|2002|2003|2004|2005|2006|2007|2008|2009|2010|2011|2012|2013|2014|2015|2016|2017|2018|2019|2020|2021
Jaguar,XF,296,4995.00,80339.00,34632.87,2009|2010|2011|2012|2013|2014|2015|2016|2017|2018|2019|2020
Bentley,Continental GTC,81,43899.00,189888.00,100971.74,2007|2008|2009|2010|2011|2012|2013|2014|2015|2016|2017|2018
Tesla,Model 3,178,36590.00,58039.00,45037.47,2017|2018|2019|2020
Toyota,Corolla iM,148,11995.00,19495.00,15886.10,2017|2018
Toyota,Camry Solara,113,995.00,15989.00,6520.55,1999|2000|2001|2002|2003|2004|2005|2006|2007|2008
Nissan,LEAF,698,5495.00,46150.00,29934.63,2011|2012|2013|2014|2015|2016|2017|2018|2019|2020
BMW,X2,560,25477.00,55880.00,41372.55,2018|2019|2020|2021
Ford,Escape Hybrid,1057,2495.00,40560.00,32124.85,2005|2006|2007|2008|2009|2010|2011|2012|2020
Toyota,Venza,464,6500.00,47359.00,20967.35,2009|2010|2011|2012|2013|2014|2015|2021
Lexus,ES,821,30997.00,53960.00,45190.40,2019|2020
Scion,tC,233,2470.00,17995.00,8132.81,2005|2006|2007|2008|2009|2010|2011|2012|2013|2014|2015|2016
Ford,F-350 Super Duty Chassis,783,4900.00,79710.00,44782.66,2004|2007|2009|2010|2011|2012|2013|2014|2015|2016|2017|2018|2019|2020
Subaru,Ascent,1680,22500.00,48828.00,40705.35,2019|2020|2021
Chevrolet,Silverado Classic 2500HD,26,6911.00,28981.00,15925.96,2007
Mitsubishi,Lancer Evolution,30,16990.00,41900.00,28164.10,2003|2004|2006|2008|2010|2011|2012|2013|2014|2015
Lexus,NX,573,26794.00,51000.00,40634.14,2018|2019|2020|2021
Kia,Optima Hybrid Plug-In,28,15947.00,22999.00,18943.07,2017|2018
Ford,Focus Electric,14,7450.00,14588.00,10562.79,2012|2013|2014|2015|2016|2017
Dodge,RAM 3500,93,7350.00,36995.00,20065.22,1996|1998|1999|2001|2002|2003|2004|2005|2006|2007|2008|2009|2010
BMW,i3,211,11990.00,60295.00,23146.83,2014|2015|2016|2017|2018|2019|2020
Buick,Envision,4838,15500.00,50160.00,32715.87,2016|2017|2018|2019|2020
Chevrolet,Spark,2034,3495.00,19990.00,13638.40,2013|2014|2015|2016|2017|2018|2019|2020|2021
Bentley,Continental GT,74,33966.00,308230.00,120702.62,2004|2005|2006|2007|2010|2012|2013|2014|2015|2016|2017|2020
Ford,Excursion,60,5399.00,84000.00,13917.30,2000|2001|2002|2003|2004|2005
Porsche,944,6,10489.00,48000.00,19143.83,1984|1985|1986|1987
Chevrolet,Silverado 3500,53,4999.00,56995.00,15892.00,2001|2002|2003|2004|2005|2006
Mercedes-Benz,B-Class,8,14599.00,21850.00,18120.25,2015|2016|2017
Honda,Clarity Hybrid Plug-In,60,19385.00,37555.00,23818.68,2018|2019|2020
Mercedes-Benz,SLC-Class,151,27695.00,79285.00,56324.09,2017|2018|2019|2020
Mercedes-Benz,GLB-Class,1044,37287.00,57500.00,45844.48,2020|2021
Nissan,Altima Coupe,112,1995.00,13648.00,7545.29,2008|2009|2010|2011|2012|2013
Buick,Cascada,63,16850.00,37206.00,23904.49,2016|2017|2018|2019
Lexus,LS 500,64,49991.00,104862.00,69976.91,2018|2019
Bentley,Mulsanne,19,88793.00,423065.00,215965.63,2012|2013|2014|2016|2017|2018|2019|2020
Nissan,Quest,220,1800.00,44985.00,9550.15,2000|2001|2002|2004|2005|2006|2007|2008|2009|2011|2012|2013|2014|2015|2016|2017
Hummer,H3,152,6499.00,21995.00,11026.82,2006|2007|2008|2009|2010
Kia,Amanti,17,2899.00,7999.00,5020.41,2004|2005|2006|2007|2008
GMC,Envoy XL,62,1975.00,7998.00,4844.29,2002|2003|2004|2005|2006
Dodge,Caliber,201,1495.00,11995.00,5309.42,2007|2008|2009|2010|2011|2012
Hummer,H2,107,7895.00,79995.00,19745.54,2003|2004|2005|2006|2007|2008|2009
Chrysler,Pacifica Hybrid,505,26999.00,59498.00,42159.24,2017|2018|2019|2020
FIAT,500X,326,5995.00,33155.00,21692.64,2016|2017|2018|2019|2020
Kia,Spectra,65,900.00,8490.00,4027.05,2003|2004|2005|2006|2007|2008|2009
Buick,Encore GX,5549,17795.00,38690.00,27273.66,2020|2021
INFINITI,JX35,105,9995.00,20990.00,15042.40,2013
Kia,Rondo,34,1800.00,8499.00,4519.71,2007|2008|2009
GMC,Sonoma,22,750.00,9888.00,5298.27,1996|1998|2000|2001|2002|2003|2004
Hyundai,Elantra Coupe,34,5995.00,11590.00,8245.94,2013|2014
Cadillac,ATS Coupe,115,11500.00,41753.00,25278.83,2015|2016|2017|2018|2019
Lexus,GS 300,48,2900.00,11999.00,7624.77,1998|1999|2001|2002|2003|2004|2005|2006
Ford,Explorer Sport Trac,140,2850.00,23000.00,8461.61,2001|2002|2003|2004|2005|2007|2008|2009|2010
INFINITI,Q50 Hybrid,18,15000.00,29998.00,22779.89,2014|2015|2016|2017
Lotus,Elise,7,30000.00,1250000.00,211626.14,2000|2005|2006|2007|2010|2011
Toyota,Land Cruiser,110,5950.00,109900.00,54621.45,1970|1971|1973|1976|1980|1981|1984|1987|1988|1989|1990|1994|1996|1998|1999|2000|2001|2002|2003|2004|2005|2006|2007|2008|2010|2011|2013|2016|2017|2018|2019|2020|2021
Volvo,XC,6,1799.00,5995.00,4137.17,2002
Pontiac,G6,284,1499.00,11500.00,5125.49,2005|2006|2007|2008|2009|2010
Mazda,Protege,12,2299.00,4999.00,3597.50,1996|1998|2000|2001|2002|2003
Suzuki,Aerio,10,495.00,5299.00,3390.10,2002|2003|2004|2005|2006
Ford,Freestar,33,1500.00,6982.00,3593.70,2004|2005|2006|2007
Lexus,GX 470,113,5900.00,19995.00,11535.05,2003|2004|2005|2006|2007|2008|2009
Kia,Sephia,4,795.00,4995.00,2296.25,2000|2001
Lexus,ES Hybrid,372,34972.00,434790.00,49437.28,2019|2020
Lexus,RC,83,38000.00,58790.00,50384.76,2019|2020
Lexus,HS 250h,26,5595.00,14000.00,9841.73,2010|2011
Audi,S8,75,2495.00,164845.00,83785.51,2001|2002|2007|2008|2009|2013|2014|2015|2016|2017|2020
Spyker,C8,1,305500.00,305500.00,305500.00,2010
Rolls-Royce,Dawn,28,198000.00,482125.00,316280.79,2016|2017|2018|2019|2020
Mercedes-Benz,SLR McLaren,4,299900.00,859000.00,483583.75,2005|2008|2009
Rolls-Royce,Phantom,8,149900.00,545200.00,267173.38,2009|2011|2013|2014|2015|2016|2018|2020
Lamborghini,Urus,16,219888.00,285000.00,250282.00,2019|2020
Bentley,Flying Spur,45,71440.00,277790.00,116099.44,2014|2015|2016|2017|2018|2020
Rolls-Royce,Wraith,25,152500.00,405625.00,212757.36,2014|2015|2016|2017|2018|2019|2020
Porsche,Panamera E-Hybrid,42,37250.00,224240.00,112911.60,2014|2015|2016|2018|2019|2020
Saab,9-3 SportCombi,14,3350.00,9988.00,6667.93,2006|2007|2008|2010
Aston Martin,Rapide,7,75000.00,264230.00,136783.71,2014|2015|2016|2017|2019
Honda,CR-V Hybrid,864,26145.00,37470.00,32555.56,2020
Chevrolet,Monte Carlo,87,1500.00,31995.00,8629.76,1972|1973|1984|1986|1987|1995|1997|1998|2000|2001|2002|2003|2004|2005|2006|2007
McLaren,MP4-12C,6,89995.00,113000.00,104088.50,2012|2013|2014
GMC,Safari Cargo,4,4995.00,8990.00,6220.00,2001|2005
Mercury,Mariner Hybrid,15,2495.00,9900.00,5544.87,2006|2007|2008|2009|2010
RAM,C/V,52,3680.00,15600.00,8392.19,2012|2013|2014|2015
Buick,Century,64,249.00,5999.00,3558.98,1995|1997|1998|1999|2000|2001|2002|2003|2004|2005
Mercedes-Benz,CL-Class,45,1000.00,43900.00,19057.58,2000|2001|2002|2003|2004|2005|2006|2007|2008|2009|2010|2011|2012|2013
Nissan,NV Passenger,85,10994.00,57163.00,34798.01,2012|2013|2014|2015|2016|2017|2018|2019|2020
Saturn,S-Series,30,495.00,6999.00,2559.70,1997|1999|2000|2001|2002
Pontiac,Sunfire,11,1299.00,5808.00,3775.18,1997|2002|2003|2004|2005
Toyota,Celica,26,2150.00,15000.00,5389.19,1985|1990|1994|1997|1999|2000|2001|2002|2003|2004|2005
Ford,E-Series Chassis,155,4800.00,83640.00,38457.12,2009|2013|2015|2016|2017|2018|2019|2021
Chevrolet,Bel Air,33,11900.00,235900.00,60748.55,1955|1956|1957|1958|1961|1962|1963|1964|1966
Bentley,Continental Flying Spur,25,23900.00,74990.00,47777.52,2006|2007|2008|2009|2010|2011|2012|2013
Chevrolet,Corvair,3,1995.00,13900.00,9296.67,1960|1964
Lexus,RC F,34,38639.00,106999.00,67814.32,2015|2016|2017|2019|2020
Chevrolet,S-10,60,1300.00,19995.00,5429.45,1984|1985|1995|1996|1997|1998|1999|2000|2001|2002|2003|2004
Oldsmobile,Toronado,5,5900.00,22995.00,11577.60,1966|1968|1983|1991
Chevrolet,Chevelle,46,22995.00,139995.00,55257.07,1966|1967|1968|1969|1970|1971|1972
Ferrari,California,15,74596.00,125000.00,102761.80,2010|2011|2012|2013|2014
Subaru,Baja,32,4500.00,12000.00,7847.97,2003|2004|2005|2006
Saturn,Sky,23,6995.00,18412.00,12190.39,2007|2008|2009
Buick,LeSabre,104,495.00,8900.00,3907.50,1985|1992|1997|1998|1999|2000|2001|2002|2003|2004|2005
Ferrari,F12 Berlinetta,18,182990.00,849988.00,268115.28,2013|2014|2015|2016|2017
Volkswagen,Rabbit,64,1500.00,10900.00,4969.45,2006|2007|2008|2009
Cadillac,XLR,19,13500.00,39900.00,20984.68,2004|2005|2006|2007|2008|2009
Chevrolet,Trailblazer EXT,66,1300.00,8995.00,4486.83,2002|2003|2004|2005|2006
Ferrari,812 Superfast,22,299995.00,529997.00,372360.23,2018|2019|2020
Pontiac,GTO,50,9000.00,74900.00,28537.62,1964|1965|1967|1968|1969|1970|2004|2005|2006
Dodge,Viper,42,32950.00,249999.00,74989.02,1992|1993|1994|1995|1996|1997|1999|2000|2001|2002|2003|2004|2005|2006|2008|2009|2010|2015|2016|2017
Volkswagen,R32,14,7988.00,15900.00,12536.29,2004|2008
Lincoln,Mark VII,2,8500.00,11975.00,10237.50,1986|1988
Ferrari,GTC4Lusso,19,195000.00,439736.00,277510.79,2017|2018|2019|2020
Honda,Civic Hybrid,109,2495.00,13975.00,6566.72,2003|2004|2005|2006|2007|2008|2009|2010|2011|2012|2013|2014|2015
Porsche,Taycan,151,116850.00,218580.00,157831.80,2020
Cadillac,Escalade Hybrid,8,13977.00,25799.00,18791.62,2009|2010|2011|2012
Audi,RS 5,44,23488.00,95415.00,65200.05,2013|2014|2015|2018|2019
Lincoln,Mark LT,19,4995.00,23990.00,12777.84,2006|2007|2008
MINI,Cooper Paceman,21,7999.00,21995.00,13562.10,2013|2014|2015|2016
Suzuki,XL-7,33,1500.00,8500.00,4968.15,2001|2002|2003|2004|2005|2007|2008|2009
Mercedes-Benz,CLK-Class,81,4275.00,149868.00,11266.63,1999|2000|2001|2002|2003|2004|2005|2006|2007|2008|2009
Audi,e-tron,192,54747.00,89700.00,75030.12,2019|2020
Audi,A6 Allroad,44,64990.00,84315.00,72329.68,2020
Audi,Q5 Hybrid Plug-in,89,51000.00,67845.00,58791.44,2020
Oldsmobile,Delta 88,6,8852.00,24000.00,16956.83,1966|1975|1984|1985
Chevrolet,Nova,28,10000.00,134999.00,38957.71,1964|1965|1966|1967|1968|1969|1970|1971|1972|1973|1974
Acura,Vigor,1,6500.00,6500.00,6500.00,1993
Ford,Crown Victoria,64,1295.00,34995.00,6142.22,1955|1956|1993|1994|1996|1997|2000|2002|2003|2004|2005|2006|2007|2008|2009|2010|2011
Subaru,XV Crosstrek Hybrid,41,10000.00,30945.00,14270.12,2014|2015
Maserati,GranSport,6,17965.00,27995.00,22976.17,2005|2006
INFINITI,G25,29,4877.00,13995.00,9969.62,2011|2012
Chevrolet,Silverado 3500HD Chassis,345,30995.00,102611.00,50812.13,2015|2017|2019|2020
Maybach,57,5,42995.00,68900.00,53746.80,2004|2006|2007|2008
RAM,4500 Chassis,15,23995.00,69995.00,46467.07,2011|2012|2014|2015|2016|2018
INFINITI,G20,4,2444.00,4679.00,3028.25,1999|2000|2001
Suzuki,Equator,13,6991.00,16900.00,12412.62,2009|2010|2011|2012
Acura,ILX Hybrid,7,8398.00,17997.00,11792.57,2013
Chevrolet,Uplander,53,495.00,12395.00,4356.68,2005|2006|2007|2008
MINI,Roadster,15,11999.00,21000.00,14988.93,2012|2013|2014|2015
Chevrolet,SSR,53,6950.00,39995.00,25436.36,2003|2004|2005|2006
Nissan,Pathfinder Hybrid,4,11995.00,16000.00,14408.25,2014
Volvo,C30,28,3999.00,14900.00,8409.86,2008|2009|2010|2011|2012
Cadillac,ATS-V,9,36970.00,59599.00,43925.11,2016|2017|2018
Cadillac,Brougham,5,3995.00,23900.00,11356.00,1989|1990|1991
Ford,LTD Crown Victoria,3,3995.00,8999.00,6329.67,1984|1989|1990
Ford,Bronco,30,2000.00,199970.00,41969.13,1966|1970|1971|1973|1974|1977|1984|1988|1989|1990|1992|1993|1994|1995|1996|2021
Lexus,GS F,12,44495.00,92889.00,82573.50,2016|2018|2019|2020
Volkswagen,Super Beetle,3,8995.00,19995.00,12663.00,1971|1974|1978
Buick,Reatta,4,5995.00,12995.00,9716.25,1989|1990
Mazda,MAZDASPEED3,27,3995.00,17599.00,9787.78,2007|2008|2009|2010|2011|2012|2013
Ford,Taurus X,21,2490.00,7499.00,5458.57,2008|2009
Land Rover,Range Rover Hybrid Plug-in,26,101692.00,114523.00,106181.15,2020
Mazda,RX-7,10,6995.00,45995.00,14785.70,1982|1985|1987|1988|1990|1991|1993
Kia,K900,21,18900.00,65670.00,45061.71,2015|2016|2017|2019|2020
Aston Martin,Vanquish,19,97000.00,919776.00,220017.11,2014|2015|2016|2017|2018|2019
Aston Martin,DBS,19,89900.00,398131.00,323495.05,2009|2010|2019|2020
Ford,Econoline Wagon,19,4499.00,23000.00,14335.74,2004|2007|2012|2013
Cadillac,Fleetwood,16,2990.00,29995.00,15411.50,1963|1965|1968|1973|1979|1980|1983|1984|1993|1994|1995|1996
Toyota,Prius Plug-In,37,6995.00,16998.00,11784.03,2012|2013|2014|2015
Ford,Windstar,26,777.00,19995.00,4439.23,1996|1998|1999|2000|2001|2002|2003
Mercury,Mountaineer,85,1750.00,11891.00,5576.25,1999|2000|2001|2002|2003|2004|2005|2006|2007|2008|2009|2010
Dodge,RAM 3500 Chassis,4,14995.00,24995.00,19492.00,2008|2009
Lexus,UX,40,26995.00,39335.00,34465.72,2019|2020
Mercury,Montego,25,1700.00,8995.00,4713.80,2005|2006|2007
Volvo,V70,30,1997.00,12495.00,5324.27,1998|2000|2001|2002|2003|2004|2005|2006|2008|2009|2010
Hyundai,Equus,27,8200.00,26721.00,16118.85,2011|2012|2013|2014|2015|2016
Ferrari,550,5,115000.00,379999.00,185958.80,1999|2000|2001
Ford,Mustang Mach-E,11,44495.00,59440.00,57285.00,2021
Ford,Freestyle,47,1400.00,8988.00,4398.77,2005|2006|2007
Mercury,Capri,1,5800.00,5800.00,5800.00,1994
Chevrolet,Express Chassis,178,30099.00,47102.00,39704.31,2020
Porsche,Carrera GT,2,819000.00,984900.00,901950.00,2005
Mitsubishi,Eclipse Spyder,28,1999.00,12995.00,6629.43,1998|2001|2002|2003|2005|2007|2008|2009|2011|2012
Mercedes-Benz,250,1,67000.00,67000.00,67000.00,1967
Ferrari,308,5,50990.00,695000.00,198078.00,1976|1980|1981|1983
Lexus,LC Hybrid,2,60245.00,76888.00,68566.50,2018
Oldsmobile,Alero,20,1495.00,21995.00,4081.15,2000|2001|2002|2003|2004
Lamborghini,Gallardo,32,77995.00,269000.00,123396.16,2004|2005|2006|2007|2008|2009|2010|2011|2012|2013|2014
Saab,9-7X,21,3481.00,15900.00,7131.14,2005|2006|2007|2008|2009
Dodge,Caravan,28,1000.00,9950.00,3798.64,1996|1999|2001|2002|2003|2004|2005|2006|2007
Lexus,LS 500h,6,65378.00,108115.00,82933.67,2018|2019
Cadillac,Allante,21,3490.00,21900.00,9027.43,1987|1988|1989|1990|1991|1992|1993
Pontiac,Torrent,53,2200.00,8495.00,5307.81,2006|2007|2008|2009
Aston Martin,V12 Vanquish,2,62995.00,79900.00,71447.50,2003|2005
GMC,Sierra 3500HD Chassis,75,35664.00,61620.00,48241.63,2015|2019|2020
Kia,Borrego,13,3700.00,9995.00,7044.85,2009
Audi,RS 4,2,25900.00,26995.00,26447.50,2007|2008
Chevrolet,C/K 3500,14,3499.00,14995.00,7401.50,1989|1990|1994|1995|1997|1999|2000
Buick,Park Avenue,14,1290.00,8900.00,4432.29,1994|1997|1998|2000|2002|2003|2004|2005
Porsche,928,11,11900.00,114900.00,37245.36,1980|1982|1983|1984|1985|1986|1987|1989|1993
Plymouth,Prowler,25,23900.00,49500.00,34097.76,1997|1999|2000|2001
Buick,Electra,4,8450.00,19995.00,15097.50,1960|1968|1978
GMC,Sierra 1500 Limited,46,30600.00,48840.00,38759.20,2019
Saturn,L-Series,17,800.00,7250.00,3300.00,2000|2001|2002|2003
Chevrolet,Venture,21,750.00,9995.00,3436.57,1999|2000|2001|2002|2003|2004|2005
Mercedes-Benz,380-Class,20,4995.00,19995.00,13388.00,1981|1982|1983|1984|1985
MINI,Cooper Coupe,20,7498.00,19990.00,12028.15,2012|2013|2014
Toyota,MR2 Spyder,17,6495.00,27995.00,11999.00,2000|2001|2002|2003
GMC,Sierra 2500,12,2000.00,9995.00,6581.42,1992|1995|1996|1997|1999|2000|2001|2003|2004
INFINITI,I30,10,995.00,4750.00,2852.10,1997|1999|2000|2001
Buick,Rainier,17,2900.00,6988.00,4740.35,2004|2005|2006
Mercedes-Benz,500-Class,6,6495.00,24995.00,18229.17,1984|1985|1992|1993
Bentley,Brooklands,1,32750.00,32750.00,32750.00,1997
Saturn,VUE Hybrid,6,4995.00,6490.00,5737.33,2008|2009
Bentley,Turbo R,1,29995.00,29995.00,29995.00,1991
Shelby,Cobra,7,41900.00,308995.00,102825.71,1965|1966|1967
Chevrolet,Corsica,1,1795.00,1795.00,1795.00,1996
Dodge,RAM 350,1,9995.00,9995.00,9995.00,1985
Pontiac,Bonneville,21,1495.00,44900.00,9461.29,1960|1961|1967|1973|1976|1997|1998|1999|2000|2001|2002|2003|2004|2005
Ford,F-450,1,12995.00,12995.00,12995.00,1991
Suzuki,Forenza,10,1495.00,4699.00,3136.10,2004|2005|2007|2008
Saturn,L300,4,1750.00,3995.00,3060.00,2004|2005
Saab,900,2,4995.00,6500.00,5747.50,1992|1997
Ferrari,360,10,77500.00,369900.00,128561.40,1999|2000|2001|2002|2003|2004
McLaren,600LT,22,208996.00,315684.00,265207.50,2019|2020
Ferrari,Mondial,2,46900.00,59400.00,53150.00,1988|1990
Suzuki,Kizashi,23,3899.00,11782.00,7088.87,2010|2011|2012|2013
Jeep,CJ-5,6,12991.00,36995.00,27595.83,1965|1975|1976|1979|1982
Volkswagen,Touareg Hybrid,3,13985.00,17950.00,15310.00,2011|2012
Dodge,Ramcharger,5,9999.00,19900.00,14738.80,1981|1984|1991|1992
Audi,S4 Avant,5,10990.00,16999.00,12994.80,2004|2005|2008
Jaguar,XF Sportbrake,10,43988.00,80585.00,58071.10,2018|2019|2020
Pontiac,Solstice,37,6599.00,48000.00,14069.03,2006|2007|2008|2009
Dodge,Neon,21,988.00,6495.00,3185.29,1995|1998|2000|2001|2002|2003|2004|2005
Jeep,Grand Wagoneer,3,28996.00,89900.00,56298.67,1990|1991
Ferrari,Testarossa,7,109900.00,200000.00,137814.14,1985|1987|1988|1990|1992
Chevrolet,Silverado 1500HD,15,1950.00,14250.00,8039.80,2001|2002|2003|2005|2006
Lincoln,Mark VI,3,9000.00,13688.00,11892.67,1983
Chevrolet,3100,8,25999.00,195900.00,61697.50,1949|1950|1952|1955|1956
Audi,Allroad,5,3995.00,9991.00,6947.20,2003|2004|2005
Saab,9-4X,3,9995.00,19991.00,14992.33,2011
Acura,ZDX,6,11034.00,18990.00,14972.33,2010|2011|2012
Chevrolet,Spark EV,4,8995.00,11590.00,10418.75,2015|2016
Mercedes-Benz,420-Class,7,999.00,24750.00,12234.14,1986|1987|1988|1991
GMC,C/K 3500 Series,3,1850.00,11995.00,7445.00,1979|2000
Oldsmobile,Silhouette,6,999.00,3995.00,2884.33,1991|1997|1999|2000|2002
Oldsmobile,Bravada,6,1495.00,8987.00,4245.33,2000|2002|2004
Acura,NSX,15,79995.00,198795.00,138051.20,1993|2003|2004|2005|2017|2019|2020
Buick,Terraza,12,1995.00,10495.00,5700.25,2005|2006|2007
Dodge,Sprinter Cargo,24,4999.00,55000.00,13964.75,2003|2004|2005|2006|2007|2008
Ford,Super Deluxe,3,14998.00,58500.00,34497.67,1947|1948
Chevrolet,Tracker,18,1900.00,6995.00,4160.33,1999|2000|2001|2002|2003|2004
MG,MGB,11,5900.00,16995.00,9664.73,1970|1971|1975|1976|1977|1978|1979|1980
Lexus,RC 200t,10,21900.00,33486.00,28075.10,2016|2017
Buick,Regal TourX,54,21500.00,41816.00,28266.70,2018|2019|2020
Chrysler,Le Baron,7,1300.00,8990.00,4676.86,1983|1984|1988|1991|1994|1995
Chevrolet,Classic,14,1495.00,5977.00,3254.43,2004|2005
Oldsmobile,Aurora,12,1375.00,5900.00,4006.17,1998|2001|2002|2003
smart,fortwo electric drive,21,6500.00,21439.00,12742.14,2013|2015|2016|2017|2018
Dodge,RAM 4500 Chassis,2,13985.00,19988.00,16986.50,2008
Ford,Ranchero,6,7199.00,20900.00,15782.33,1960|1965|1967|1971|1973|1978
BMW,ActiveHybrid 7,3,14995.00,21995.00,18328.33,2011|2013
Mitsubishi,Montero Sport,8,1995.00,6995.00,4619.88,1999|2000|2002|2003
Plymouth,Voyager,1,3999.00,3999.00,3999.00,2000
Hyundai,XG350,9,2895.00,4999.00,3849.78,2003|2004|2005
Ford,F-150 Heritage,6,3995.00,9988.00,6125.50,2004
Chevrolet,R/V 3500,1,16995.00,16995.00,16995.00,1991
Ford,F-350,13,4995.00,40000.00,12592.00,1988|1990|1991|1992|1993|1994|1995|1996|1997
Mercedes-Benz,450-Class,7,8995.00,28900.00,12767.14,1977|1979|1980
Lotus,Exige,1,51900.00,51900.00,51900.00,2007
Plymouth,Superbird,1,225000.00,225000.00,225000.00,1970
Lamborghini,Diablo,1,375000.00,375000.00,375000.00,1998
Oldsmobile,Regency,1,2500.00,2500.00,2500.00,1997
Pontiac,Montana SV6,16,1000.00,14999.00,4689.69,2005|2006|2008|2009
Lincoln,LS,19,2699.00,8995.00,5352.84,2000|2001|2002|2003|2004|2005|2006
Lexus,LS Hybrid,1,108815.00,108815.00,108815.00,2020
Mazda,B-Series,16,1800.00,8994.00,4975.38,1994|1996|1997|1999|2002|2003|2004
Aston Martin,V12 Vantage,1,179900.00,179900.00,179900.00,2017
Karma,Revero,13,64500.00,87995.00,77645.00,2018|2019
Datsun,280ZX,2,14495.00,15999.00,15247.00,1983
Isuzu,Rodeo,11,2000.00,5820.00,3989.64,1995|1999|2000|2001|2002|2003|2004
Ford,Explorer Sport,7,1500.00,4000.00,2711.71,2001|2002|2003
MG,MGA,3,24995.00,44900.00,34963.33,1957|1958|1961
Ford,F-100,14,8588.00,149900.00,38318.64,1949|1951|1953|1954|1956|1962|1964|1967|1968|1972|1974|1976|1982
Ford,Bronco Sport,12,33265.00,37940.00,36376.67,2021
GMC,Envoy XUV,10,1000.00,11996.00,4642.50,2004|2005
Chevrolet,Silverado 2500,6,3995.00,14899.00,10145.67,2002|2003|2004
Studebaker,Commander,2,9875.00,29900.00,19887.50,1949|1953
GMC,Sierra 1500HD,3,4995.00,10495.00,7493.33,2001|2002|2003
Pontiac,Montana,10,1700.00,7500.00,3607.40,2001|2002|2003|2004|2005
Lincoln,Blackwood,2,8995.00,14500.00,11747.50,2002
Ford,F-250,30,1500.00,35950.00,13937.57,1964|1965|1973|1974|1976|1977|1983|1991|1993|1995|1996|1997
Ford,Galaxie,3,16500.00,109995.00,48798.33,1961|1963
Volkswagen,Karmann Ghia,1,13777.00,13777.00,13777.00,1970
GMC,C/K 1500 Series,5,10500.00,59999.00,24205.60,1971|1984|1985|1986
BMW,Z3 M,9,14446.00,44990.00,25954.44,1998|1999|2000|2001
Oldsmobile,Jetstar 88,1,13900.00,13900.00,13900.00,1964
MG,TD,1,14900.00,14900.00,14900.00,1953
Ford,Falcon,1,16900.00,16900.00,16900.00,1967
Cadillac,Series 75,1,24900.00,24900.00,24900.00,1937
Pontiac,Can Am,2,25900.00,27500.00,26700.00,1977
Buick,Super,3,19995.00,26900.00,22296.67,1949|1955|1958
AMC,Rambler American,3,14900.00,23900.00,19900.00,1964|1965|1966
FIAT,1100,1,17900.00,17900.00,17900.00,1957
Buick,Skylark,5,3200.00,69900.00,28280.00,1953|1963|1969|1971|1996
Oldsmobile,Vista Cruiser,2,16800.00,23900.00,20350.00,1965|1971
Ford,Coupe,9,29500.00,128900.00,66543.33,1932|1937|1939|1940
Bentley,Brooklands R,1,34900.00,34900.00,34900.00,1998
Lotus,Esprit,3,35388.00,39995.00,37427.67,1990|1994|1998
Hudson,Hornet,1,36900.00,36900.00,36900.00,1953
Pontiac,Chieftain,1,39900.00,39900.00,39900.00,1950
Land Rover,Discovery Series II,5,1995.00,11675.00,5250.00,2001|2002
Chrysler,TC,1,8580.00,8580.00,8580.00,1989
INFINITI,Q45,4,1950.00,5900.00,4324.50,1998|2002|2005
Ford,F-1,3,7900.00,39997.00,25962.67,1948|1949
Suzuki,Reno,3,2695.00,4800.00,3481.67,2007|2008
Jaguar,Mark IX,1,25900.00,25900.00,25900.00,1960
INFINITI,M35h,1,11500.00,11500.00,11500.00,2012
Mazda,MAZDASPEED6,2,4990.00,8125.00,6557.50,2006|2007
INFINITI,FX50,4,12999.00,19900.00,16947.50,2010|2011
Audi,Q5 Hybrid,6,14790.00,24000.00,17920.00,2013|2014
Oldsmobile,Eighty-Eight,3,2999.00,6900.00,4466.00,1996|1998|1999
Mercury,Milan Hybrid,3,5995.00,8402.00,7465.67,2010|2011
Nissan,Silvia,2,14999.00,29995.00,22497.00,1989|1991
INFINITI,IPL G,4,12999.00,18995.00,16932.25,2011|2012|2013
Chevrolet,Lumina Minivan,1,2795.00,2795.00,2795.00,1996
Mitsubishi,Pajero,1,9900.00,9900.00,9900.00,1992
Isuzu,i-Series,4,2950.00,8900.00,6011.00,2006|2007|2008
Volvo,V40,6,899.00,5995.00,4082.83,2000|2002|2004
Dodge,Sprinter Passenger,9,8995.00,28000.00,13218.56,2003|2005|2006|2007|2008
Jaguar,S-TYPE R,3,7599.00,29995.00,15528.00,2003
Dodge,600,2,3599.00,15999.00,9799.00,1985|1986
Oldsmobile,Cutlass,10,2850.00,64995.00,25141.90,1965|1968|1970|1972|1975|1976|1998|1999
Willys,Coupe,1,50000.00,50000.00,50000.00,1941
GMC,Typhoon,1,14775.00,14775.00,14775.00,1993
Mercury,Villager,4,2495.00,4961.00,4228.00,1995|1999|2002
GMC,Syclone,1,29000.00,29000.00,29000.00,1991
BMW,Z8,1,219990.00,219990.00,219990.00,2001
INFINITI,FX45,3,5000.00,7995.00,6831.33,2003|2004|2005
Honda,Civic del Sol,3,3999.00,6999.00,5096.00,1994|1996
Cadillac,CT6 Hybrid Plug-In,6,29950.00,50000.00,39188.50,2017|2018
Mazda,Millenia,3,2650.00,5980.00,3875.00,1999|2000|2001
Lexus,GS 200t,2,29996.00,30907.00,30451.50,2017
Pininfarina,Azzurra,2,18995.00,22495.00,20745.00,1983|1984
Plymouth,Road Runner,6,39999.00,159999.00,77916.33,1969|1970|1971
Pontiac,Catalina,4,21900.00,54900.00,31186.25,1962|1963|1966
Pontiac,Trans Sport,1,3995.00,3995.00,3995.00,1997
Chrysler,Saratoga,1,24900.00,24900.00,24900.00,1952
Sunbeam,Tiger,1,49995.00,49995.00,49995.00,1965
GMC,Sierra Classic 3500,5,8749.00,20500.00,13924.80,1999|2000|2007
BMW,2002,1,59990.00,59990.00,59990.00,1973
Mercury,Tracer,1,2995.00,2995.00,2995.00,1999
Chevrolet,C/K 30,2,15995.00,18950.00,17472.50,1970|1982
MG,TF,1,34500.00,34500.00,34500.00,1955
Pontiac,Streamliner,1,109900.00,109900.00,109900.00,1947
Toyota,Tercel,1,1995.00,1995.00,1995.00,1994
Ford,Contour,4,1000.00,3995.00,2649.50,1996|1999|2000
Ford,Model 48,1,39900.00,39900.00,39900.00,1935
Pontiac,Star Chief,2,24200.00,47995.00,36097.50,1954|1955
Ferrari,456M,4,59900.00,95900.00,72650.00,1999|2000|2001
Alfa Romeo,1900,1,169900.00,169900.00,169900.00,1957
Oldsmobile,Achieva,2,2695.00,4400.00,3547.50,1994|1997
Lexus,LS 400,3,3000.00,4495.00,3751.33,1995|1999|2000
Chevrolet,Master Deluxe,2,20995.00,24995.00,22995.00,1938
Mitsubishi,i-MiEV,5,5497.00,6500.00,5829.40,2012
Chevrolet,Chevy Van,2,5500.00,69900.00,37700.00,1975|1991
MG,MGB Roadster,1,8950.00,8950.00,8950.00,1977
Ford,Probe,1,6499.00,6499.00,6499.00,1990
Oldsmobile,Starfire,1,38841.00,38841.00,38841.00,1961
Chrysler,Conquest,1,15995.00,15995.00,15995.00,1989
Rolls-Royce,Phantom Coupe,1,185900.00,185900.00,185900.00,2009
Chevrolet,150,2,57995.00,195900.00,126947.50,1955|1957
Volvo,850,1,3950.00,3950.00,3950.00,1996
Ferrari,Dino 246,1,379900.00,379900.00,379900.00,1973
Toyota,T100,1,7499.00,7499.00,7499.00,1997
Dodge,Monaco,1,14999.00,14999.00,14999.00,1976
Porsche,968,3,18500.00,35995.00,25331.67,1993|1994|1995
Dodge,Neon SRT-4,1,12995.00,12995.00,12995.00,2004
Ford,Classic Pickup,1,29990.00,29990.00,29990.00,1947
SRT,Viper,3,92500.00,136680.00,108056.00,2013|2014
AMC,Rambler Classic,1,4000.00,4000.00,4000.00,1961
Acura,Integra,1,47900.00,47900.00,47900.00,2001
Plymouth,Breeze,1,2499.00,2499.00,2499.00,2000
Hummer,H1 Alpha,1,145880.00,145880.00,145880.00,2006
VPG,MV-1,2,9970.00,26995.00,18482.50,2012
GMC,Sierra C/K 3500,1,9995.00,9995.00,9995.00,1995
Suzuki,Esteem,1,3500.00,3500.00,3500.00,1999
Mazda,MAZDASPEED MX-5 Miata,1,10976.00,10976.00,10976.00,2004
Dodge,D-Series,1,23500.00,23500.00,23500.00,1979
Chrysler,Imperial,2,8990.00,38900.00,23945.00,1964|1981
INFINITI,M45,1,7445.00,7445.00,7445.00,2003
Bentley,S1,1,29950.00,29950.00,29950.00,1958
Rolls-Royce,Silver Cloud,1,35950.00,35950.00,35950.00,1961
Rolls-Royce,Silver Dawn,1,59950.00,59950.00,59950.00,1952
Chevrolet,Celebrity,1,3395.00,3395.00,3395.00,1986
Chevrolet,R/V 30,1,26961.00,26961.00,26961.00,1987
Chevrolet,Silverado Classic 1500HD,1,6995.00,6995.00,6995.00,2007
Dodge,Power Wagon,1,19995.00,19995.00,19995.00,1953
Chevrolet,R/V 10,2,22995.00,39995.00,31495.00,1987
Datsun,280Z,1,11995.00,11995.00,11995.00,1978
Studebaker,Lark,1,36995.00,36995.00,36995.00,1963
AMC,Javelin,1,37995.00,37995.00,37995.00,1969
Ford,Crestline,1,26995.00,26995.00,26995.00,1953
Chevrolet,Special Deluxe,1,41995.00,41995.00,41995.00,1941
Chevrolet,3600,1,28995.00,28995.00,28995.00,1950
Ford,Model B,1,91995.00,91995.00,91995.00,1932
GMC,R/V 3500 Series,1,4459.00,4459.00,4459.00,1989
Daewoo,Leganza,1,9010.00,9010.00,9010.00,2001
Chevrolet,Chevette,1,7500.00,7500.00,7500.00,1984
AM General,Humvee,1,31998.00,31998.00,31998.00,1991
Lexus,SC 300,1,3850.00,3850.00,3850.00,1995
GMC,Sierra C/K 1500,1,10000.00,10000.00,10000.00,1998
Oldsmobile,Cutlass Ciera,1,4499.00,4499.00,4499.00,1991
Lamborghini,Jalpa,1,108995.00,108995.00,108995.00,1988
Willys,Jeepster,1,29900.00,29900.00,29900.00,1950
Opel,GT,1,10950.00,10950.00,10950.00,1970
Cadillac,Catera,1,3999.00,3999.00,3999.00,2001
