Land Rover,Discovery Sport,1355,15995.00,75899.00,43261.14,2015|2016|2017|2018|2019|2020
Mazda,MAZDA3,3149,1750.00,34892.00,16768.53,2004|2005|2006|2007|2008|2009|2010|2011|2012|2013|2014|2015|2016|2017|2018|2019|2020|2021
Land Rover,Range Rover Evoque,916,13490.00,84399.00,42278.94,2012|2013|2014|2015|2016|2017|2018|2019|2020
Alfa Romeo,4C,7,52500.00,97579.00,68244.86,2015|2017|2018|2020
Mazda,CX-3,702,10498.00,29295.00,19230.79,2016|2017|2018|2019|2020|2021
Hyundai,Elantra,8664,495.00,111079.00,15920.53,1999|2001|2002|2003|2004|2005|2006|2007|2008|2009|2010|2011|2012|2013|2014|2015|2016|2017|2018|2019|2020
Lexus,RC 350,56,19900.00,54815.00,32796.71,2015|2016|2017|2018
Chevrolet,Traverse,9007,2488.00,58260.00,30499.88,2009|2010|2011|2012|2013|2014|2015|2016|2017|2018|2019|2020
Cadillac,XT4,1425,31339.00,57045.00,45022.90,2019|2020
Chrysler,200,1234,2695.00,109995.00,10632.28,2011|2012|2013|2014|2015|2016|2017
Jeep,Wrangler Unlimited,8478,9998.00,109872.00,38827.47,2007|2008|2009|2010|2011|2012|2013|2014|2015|2016|2017|2018|2019|2020|2021
Dodge,Durango,4551,1000.00,74750.00,33692.40,1998|1999|2000|2001|2002|2003|2004|2005|2006|2007|2008|2009|2011|2012|2013|2014|2015|2016|2017|2018|2019|2020
Mercedes-Benz,CLA-Class,858,12900.00,73655.00,33104.65,2014|2015|2016|2017|2018|2019|2020|2021
Dodge,Charger,3738,1900.00,229900.00,30279.85,1969|1971|1983|1986|2006|2007|2008|2009|2010|2011|2012|2013|2014|2015|2016|2017|2018|2019|2020
Nissan,Rogue,17125,2222.00,38321.00,22040.65,2008|2009|2010|2011|2012|2013|2014|2015|2016|2017|2018|2019|2020
Honda,Civic,11942,400.00,28884.00,18149.22,1990|1995|1996|1997|1998|1999|2000|2001|2002|2003|2004|2005|2006|2007|2008|2009|2010|2011|2012|2013|2014|2015|2016|2017|2018|2019|2020
Lexus,RX 350,2091,5500.00,48498.00,27506.88,2007|2008|2009|2010|2011|2012|2013|2014|2015|2016|2017
Kia,Optima,3524,1995.00,38335.00,15658.58,2002|2004|2006|2007|2008|2009|2010|2011|2012|2013|2014|2015|2016|2017|2018|2019|2020
BMW,4 Series,884,11900.00,70255.00,32965.18,2014|2015|2016|2017|2018|2019|2020|2021
Cadillac,Escalade,1655,2000.00,114090.00,61482.41,1999|2000|2002|2003|2004|2005|2006|2007|2008|2009|2010|2011|2012|2013|2014|2015|2016|2017|2018|2019|2020
Chevrolet,Cruze,5324,2900.00,988512.00,12902.02,2011|2012|2013|2014|2015|2016|2017|2018|2019
Mazda,MAZDA6,1536,999.00,37140.00,19538.41,2003|2004|2005|2006|2007|2008|2009|2010|2011|2012|2013|2014|2015|2016|2017|2018|2019|2020|2021
Land Rover,Defender,164,19500.00,184900.00,76279.70,1983|1985|1986|1987|1989|1990|1991|1992|1993|1994|1995|1997|2020
Land Rover,Range Rover,746,2295.00,233850.00,69018.59,1995|1998|2001|2003|2004|2005|2006|2007|2008|2009|2010|2011|2012|2013|2014|2015|2016|2017|2018|2019|2020
Mazda,CX-9,1571,3499.00,53095.00,29810.33,2007|2008|2009|2010|2011|2012|2013|2014|2015|2016|2017|2018|2019|2020|2021
Cadillac,SRX,830,1500.00,28900.00,15326.11,2004|2005|2006|2007|2008|2009|2010|2011|2012|2013|2014|2015|2016
Ford,Mustang,4450,1399.00,450253.00,30847.75,1965|1966|1967|1968|1969|1970|1971|1972|1973|1983|1984|1985|1986|1987|1988|1989|1990|1991|1992|1993|1994|1995|1996|1997|1998|1999|2000|2001|2002|2003|2004|2005|2006|2007|2008|2009|2010|2011|2012|2013|2014|2015|2016|2017|2018|2019|2020
BMW,X5,2961,2697.00,106675.00,46460.33,2001|2002|2003|2004|2005|2006|2007|2008|2009|2010|2011|2012|2013|2014|2015|2016|2017|2018|2019|2020|2021
Chevrolet,Silverado 2500HD,3421,2950.00,109820.00,42763.75,1999|2000|2001|2002|2003|2004|2005|2006|2007|2008|2009|2010|2011|2012|2013|2014|2015|2016|2017|2018|2019|2020
Audi,R8,130,49999.00,239850.00,143602.48,2008|2009|2010|2011|2012|2014|2015|2017|2018|2020
BMW,X6 M,74,24987.00,129795.00,78881.62,2011|2012|2013|2014|2015|2016|2017|2018|2019|2020|2021
Volkswagen,GTI,991,2795.00,48770.00,23056.11,2001|2003|2004|2005|2006|2007|2008|2009|2010|2011|2012|2013|2014|2015|2016|2017|2018|2019|2020
BMW,7 Series,815,2400.00,176375.00,55922.14,1997|1998|2000|2001|2002|2003|2004|2005|2006|2007|2008|2009|2010|2011|2012|2013|2014|2015|2016|2017|2018|2019|2020|2021
Lexus,IS 350,98,6990.00,39998.00,25652.43,2006|2007|2008|2010|2011|2012|2014|2015|2016|2017|2018
Toyota,Prius,2531,1500.00,54950.00,17476.47,2001|2002|2003|2004|2005|2006|2007|2008|2009|2010|2011|2012|2013|2014|2015|2016|2017|2018|2019|2020|2021
Dodge,Grand Caravan,5849,988.00,170124.00,17951.08,1997|1999|2000|2001|2002|2003|2004|2005|2006|2007|2008|2009|2010|2011|2012|2013|2014|2015|2016|2017|2018|2019|2020
Hyundai,Santa Fe,4141,1000.00,45115.00,26127.36,2002|2003|2004|2005|2006|2007|2008|2009|2010|2011|2012|2013|2014|2015|2016|2017|2018|2019|2020
BMW,X1,1451,7995.00,53895.00,31552.86,2013|2014|2015|2016|2017|2018|2019|2020|2021
Honda,Accord,12598,1000.00,89995.00,20710.37,1981|1989|1993|1994|1996|1997|1998|1999|2000|2001|2002|2003|2004|2005|2006|2007|2008|2009|2010|2011|2012|2013|2014|2015|2016|2017|2018|2019|2020
Mercedes-Benz,CLS-Class,302,5999.00,102650.00,51225.06,2006|2007|2008|2009|2010|2011|2012|2013|2014|2015|2016|2017|2018|2019|2020
Volkswagen,Passat,3963,899.00,33204.00,16265.12,1999|2000|2001|2002|2003|2004|2005|2006|2007|2008|2009|2010|2012|2013|2014|2015|2016|2017|2018|2019|2020
Audi,A5,375,7995.00,59140.00,28763.18,2008|2009|2010|2011|2012|2013|2014|2015|2016|2017|2018|2019|2020
Chevrolet,Volt,432,6295.00,39249.00,16163.20,2011|2012|2013|2014|2015|2016|2017|2018|2019
Cadillac,XT5,3841,16400.00,71810.00,42195.61,2017|2018|2019|2020|2021
Mercedes-Benz,M-Class,500,1999.00,39995.00,15380.34,1998|1999|2000|2001|2002|2003|2004|2005|2006|2007|2008|2009|2010|2011|2012|2013|2014|2015
Kia,Forte,4655,2995.00,203905.00,16921.80,2010|2011|2012|2013|2014|2015|2016|2017|2018|2019|2020|2021
Cadillac,Escalade ESV,971,5995.00,105510.00,66269.65,2003|2004|2005|2007|2008|2009|2010|2011|2012|2013|2014|2015|2016|2017|2018|2019|2020
Mercedes-Benz,G-Class,225,23942.00,289996.00,113337.62,1991|2002|2003|2004|2005|2007|2008|2009|2010|2011|2012|2013|2014|2015|2016|2017|2018|2019|2020
BMW,6 Series,255,6500.00,91825.00,34451.44,1981|1984|1986|1987|1988|2004|2005|2006|2007|2008|2009|2010|2012|2013|2014|2015|2016|2017|2018|2019
Cadillac,ATS,761,8995.00,31000.00,20709.14,2013|2014|2015|2016|2017|2018
Mercedes-Benz,GLA-Class,1718,15495.00,61305.00,37322.64,2015|2016|2017|2018|2019|2020|2021
BMW,X6,348,13197.00,102095.00,51044.90,2009|2010|2011|2012|2013|2014|2015|2016|2017|2018|2019|2020|2021
BMW,i8,30,48995.00,124495.00,78131.47,2014|2015|2016|2017|2019
Porsche,Panamera,437,19500.00,188190.00,79160.45,2010|2011|2012|2013|2014|2015|2016|2017|2018|2019|2020
Dodge,RAM 1500,605,500.00,46000.00,11009.68,1994|1996|1997|1998|1999|2000|2001|2002|2003|2004|2005|2006|2007|2008|2009|2010
GMC,Terrain,8678,4300.00,46055.00,25355.71,2010|2011|2012|2013|2014|2015|2016|2017|2018|2019|2020
Ford,Fiesta,1396,2195.00,21999.00,10455.87,2011|2012|2013|2014|2015|2016|2017|2018|2019
Audi,S6,171,7945.00,92190.00,57442.33,2002|2007|2008|2010|2013|2014|2015|2016|2017|2018|2020
Mercedes-Benz,SLK-Class,74,2222.00,49991.00,17110.14,1998|1999|2000|2001|2002|2003|2005|2006|2007|2008|2009|2010|2011|2012|2013|2014|2015|2016
FIAT,124 Spider,121,5990.00,39305.00,25134.88,1972|1979|1981|1982|2017|2018|2019|2020
Kia,Soul,5122,2550.00,31150.00,16395.25,2010|2011|2012|2013|2014|2015|2016|2017|2018|2019|2020|2021
Lexus,GS 350,519,5950.00,60909.00,32636.54,2007|2008|2009|2010|2011|2013|2014|2015|2016|2017|2018|2020
INFINITI,Q60,341,14477.00,62896.00,36952.38,2014|2015|2017|2018|2019|2020
GMC,Sierra 3500HD,427,11900.00,83050.00,57976.92,2007|2008|2009|2010|2011|2012|2013|2014|2015|2016|2017|2018|2019|2020
Volkswagen,Jetta,7304,995.00,44945.00,16918.12,1986|1999|2000|2001|2002|2003|2004|2005|2006|2007|2008|2009|2010|2011|2012|2013|2014|2015|2016|2017|2018|2019|2020
Toyota,Prius Prime,1095,15900.00,41954.00,28032.98,2017|2018|2019|2020|2021
GMC,Yukon,2110,1995.00,85990.00,49275.22,1993|1995|1997|1998|1999|2000|2001|2002|2003|2004|2005|2006|2007|2008|2009|2010|2011|2012|2013|2014|2015|2016|2017|2018|2019|2020|2021
Acura,TSX,301,2995.00,20000.00,9896.18,2004|2005|2006|2007|2008|2009|2010|2011|2012|2013|2014
Subaru,Forester,8075,900.00,215000.00,23271.63,1999|2001|2002|2003|2004|2005|2006|2007|2008|2009|2010|2011|2012|2013|2014|2015|2016|2017|2018|2019|2020
Volvo,S80,126,1001.00,20583.00,8633.71,2001|2003|2004|2005|2006|2007|2008|2009|2010|2011|2012|2013|2014|2015|2016
Volvo,V60,599,7499.00,68940.00,41184.26,2015|2016|2017|2018|2019|2020|2021
Kia,Rio5,216,2500.00,21580.00,14325.20,2006|2007|2008|2009|2010|2011|2012|2013|2014|2015|2016|2017|2018|2019|2020
Mitsubishi,Mirage,830,3500.00,20095.00,14349.95,2014|2015|2017|2018|2019|2020
Toyota,Yaris,606,1989.00,20085.00,13674.51,2007|2008|2009|2010|2011|2012|2013|2014|2015|2016|2017|2018|2019|2020
Buick,Lucerne,241,2700.00,16995.00,7019.31,2006|2007|2008|2009|2010|2011
Nissan,Murano,5181,899.00,50926.00,28480.80,2003|2004|2005|2006|2007|2009|2010|2011|2012|2013|2014|2015|2016|2017|2018|2019|2020
Mitsubishi,Eclipse Cross,1146,13797.00,34255.00,23607.49,2018|2019|2020
Mercury,Grand Marquis,140,999.00,12000.00,5472.91,1992|1994|1995|1996|1997|1998|1999|2000|2001|2002|2003|2004|2005|2006|2007|2008|2009|2010|2011
Toyota,Sienna,3380,995.00,51626.00,23004.15,1999|2000|2001|2002|2003|2004|2005|2006|2007|2008|2009|2010|2011|2012|2013|2014|2015|2016|2017|2018|2019|2020
Cadillac,XTS,643,8995.00,60950.00,25861.25,2013|2014|2015|2016|2017|2018|2019
Acura,RDX,2903,4995.00,49525.00,32315.59,2007|2008|2009|2010|2011|2012|2013|2014|2015|2016|2017|2018|2019|2020|2021
Jeep,Commander,168,2782.00,13900.00,7162.92,2006|2007|2008|2009|2010
Honda,CR-V,18979,795.00,39398.00,25194.85,1997|1998|1999|2000|2001|2002|2003|2004|2005|2006|2007|2008|2009|2010|2011|2012|2013|2014|2015|2016|2017|2018|2019|2020
Buick,Regal,574,2495.00,42900.00,15040.35,1986|1987|1994|1995|1996|2000|2001|2002|2003|2004|2011|2012|2013|2014|2015|2016|2017
Nissan,Rogue Select,199,5598.00,24135.00,10896.64,2014|2015
RAM,ProMaster City,1030,3995.00,30145.00,22481.88,2015|2016|2017|2018|2019|2020
Toyota,Highlander,9248,2500.00,111111.00,33793.99,2001|2002|2003|2004|2005|2006|2007|2008|2009|2010|2011|2012|2013|2014|2015|2016|2017|2018|2019|2020
Chevrolet,Impala Limited,204,3600.00,25900.00,9896.07,2014|2015|2016
Honda,Fit,3323,1500.00,22999.00,16201.43,2007|2008|2009|2010|2011|2012|2013|2015|2016|2017|2018|2019|2020
Kia,K5,1840,20500.00,34907.00,26608.08,2021
Kia,Seltos,1211,19260.00,34655.00,25220.86,2021
Buick,Enclave,3973,3300.00,62557.00,33704.60,2008|2009|2010|2011|2012|2013|2014|2015|2016|2017|2018|2019|2020
Nissan,Armada,977,2300.00,72340.00,36750.37,2004|2005|2006|2007|2008|2009|2010|2011|2012|2013|2014|2015|2017|2018|2019|2020
Lexus,IS 250,347,3550.00,223900.00,15377.55,2006|2007|2008|2009|2010|2011|2012|2013|2014|2015
Ford,Transit Passenger,1327,12500.00,64190.00,33868.53,2015|2016|2017|2018|2019|2020
Dodge,Magnum,19,2200.00,12875.00,6639.16,2005|2006|2007|2008
Ford,Expedition,4477,1500.00,97029.00,53983.37,1997|1998|1999|2000|2001|2002|2003|2004|2005|2006|2007|2008|2009|2010|2011|2012|2013|2014|2015|2016|2017|2018|2019|2020
Mercedes-Benz,R-Class,36,4500.00,18995.00,9982.92,2006|2007|2008|2009|2010|2011|2012
Volkswagen,Golf SportWagen,243,7995.00,31539.00,18335.62,2015|2016|2017|2018|2019
Scion,xA,19,2195.00,6919.00,4113.79,2004|2005|2006
Chevrolet,Cobalt,334,495.00,9990.00,4550.09,2005|2006|2007|2008|2009|2010
Kia,Stinger,267,20995.00,54850.00,38801.37,2018|2019|2020
Kia,Rio,1030,2399.00,22290.00,13885.82,2001|2003|2004|2005|2006|2007|2008|2009|2010|2011|2012|2013|2014|2015|2016|2017|2018|2019|2020
Audi,Q7,1450,5500.00,91365.00,45079.11,2007|2008|2009|2010|2011|2012|2013|2014|2015|2017|2018|2019|2020|2021
Chrysler,300,2255,2200.00,50460.00,21958.85,1964|2005|2006|2007|2008|2009|2010|2011|2012|2013|2014|2015|2016|2017|2018|2019|2020
Ford,Fusion Hybrid,3872,3999.00,36385.00,23300.49,2010|2011|2012|2013|2014|2015|2016|2017|2018|2019|2020
Volkswagen,Golf Alltrack,377,13499.00,37800.00,24650.28,2017|2018|2019
Cadillac,CT4,571,31340.00,57130.00,44185.22,2020
Cadillac,CT5,1211,35098.00,67870.00,48338.78,2020
Jaguar,X-TYPE,27,1850.00,9900.00,5143.74,2002|2003|2004|2005|2006|2008
Jaguar,XJ-Series,245,2350.00,99140.00,29066.46,1983|1984|1985|1988|1989|1990|1991|1992|1993|1994|1995|1996|1997|1998|1999|2000|2001|2002|2003|2004|2005|2006|2007|2008|2011|2012|2013|2014|2015|2016|2017|2018|2019
Lexus,ES 300,68,995.00,9995.00,4415.16,1992|1994|1996|1997|1998|1999|2000|2001|2002|2003
Mercedes-Benz,GLS-Class,1023,28565.00,144105.00,63603.26,2017|2018|2019|2020|2021
Nissan,350Z,63,4988.00,42500.00,10515.52,2003|2004|2005|2006|2007|2008|2009
Maserati,Ghibli,578,22500.00,106493.00,53666.31,2014|2015|2016|2017|2018|2019|2020
Chevrolet,Express Cargo,1624,1900.00,56500.00,24084.95,1999|2000|2001|2002|2003|2004|2005|2006|2007|2008|2009|2010|2011|2012|2013|2014|2015|2016|2017|2018|2019|2020
RAM,3500,1399,16491.00,109820.00,56443.01,2011|2012|2013|2014|2015|2016|2017|2018|2019|2020|2021
Cadillac,CT6,410,22400.00,101875.00,41428.65,2016|2017|2018|2019|2020
Audi,A6,1332,1998.00,77250.00,40555.31,1999|2002|2003|2004|2005|2006|2007|2008|2009|2010|2011|2012|2013|2014|2015|2016|2017|2018|2019|2020
INFINITI,QX30,380,16261.00,31995.00,23214.48,2017|2018|2019
INFINITI,QX60,2832,9975.00,63797.00,41569.64,2014|2015|2016|2017|2018|2019|2020
Ford,Mustang Shelby GT350,180,31888.00,129095.00,62769.41,2016|2017|2018|2019|2020
Chevrolet,Corvette,1348,4295.00,294900.00,39762.96,1954|1955|1956|1957|1958|1959|1960|1961|1962|1963|1964|1965|1966|1967|1968|1969|1970|1971|1972|1973|1974|1975|1976|1977|1978|1979|1980|1981|1982|1984|1985|1986|1987|1988|1989|1990|1991|1992|1993|1994|1995|1996|1997|1998|1999|2000|2001|2002|2003|2004|2005|2006|2007|2008|2009|2010|2011|2012|2013|2014|2015|2016|2017|2018|2019|2020
Hyundai,Genesis Coupe,73,6599.00,24401.00,13048.36,2010|2011|2012|2013|2014|2015|2016
Hyundai,Kona,4496,12991.00,46485.00,25531.65,2018|2019|2020|2021
Mazda,CX-30,1060,19900.00,36840.00,27546.61,2020|2021
Lexus,LX 570,99,20993.00,101038.00,56220.52,2008|2009|2010|2011|2013|2014|2015|2016|2017|2018|2019
Audi,S7,74,23684.00,108925.00,58605.03,2013|2014|2015|2016|2017|2018|2020
MINI,Cooper Clubman,482,4397.00,44020.00,25283.65,2008|2009|2010|2011|2012|2013|2014|2016|2017|2018|2019|2020|2021
Lincoln,MKX,1159,3500.00,57025.00,24372.51,2007|2008|2009|2010|2011|2012|2013|2014|2015|2016|2017|2018
Acura,ILX,922,7900.00,34720.00,22876.62,2013|2014|2015|2016|2017|2018|2019|2020
Lincoln,MKS,211,5199.00,29990.00,12974.09,2009|2010|2011|2012|2013|2014|2015|2016
Volvo,S60,1882,1250.00,72795.00,31798.45,2001|2002|2003|2004|2005|2006|2007|2008|2009|2011|2012|2013|2014|2015|2016|2017|2018|2019|2020|2021
Mazda,MAZDA5,181,2899.00,15998.00,7025.59,2006|2007|2008|2009|2010|2012|2013|2014|2015
Audi,S5,164,6950.00,69805.00,33653.71,2008|2009|2010|2011|2012|2013|2014|2015|2016|2017|2018|2019|2020
Mazda,MX-5 Miata,345,2250.00,39160.00,24332.42,1990|1991|1992|1993|1994|1995|1997|1999|2000|2001|2002|2003|2004|2006|2007|2008|2009|2010|2011|2012|2013|2014|2015|2016|2017|2018|2019|2020
Nissan,Altima Hybrid,21,4900.00,8995.00,6959.33,2007|2008|2009|2010|2011
Mitsubishi,Lancer,169,1495.00,18995.00,8499.95,2002|2003|2004|2006|2008|2009|2010|2011|2012|2013|2014|2015|2016|2017
Hyundai,Ioniq Electric,158,12991.00,39890.00,35923.53,2017|2019|2020
Volkswagen,CC,249,2499.00,28000.00,10733.88,2009|2010|2011|2012|2013|2014|2015|2016|2017
Mitsubishi,Outlander,1745,1500.00,36555.00,21217.81,2003|2004|2005|2006|2007|2008|2009|2010|2011|2012|2013|2014|2015|2016|2017|2018|2019|2020
Lincoln,MKT,368,3300.00,63995.00,26662.32,2010|2011|2012|2013|2014|2015|2016|2017|2018|2019
Ferrari,F430,13,79800.00,168900.00,111421.85,2005|2006|2007|2009
Volkswagen,Beetle,532,1500.00,36900.00,13102.78,1959|1962|1963|1966|1967|1968|1970|1972|1973|1974|1978|1979|1998|1999|2000|2001|2002|2003|2004|2005|2006|2007|2008|2009|2010|2012|2013|2014|2015|2016|2017|2018|2019
Honda,Element,176,2900.00,19990.00,7771.26,2003|2004|2005|2006|2007|2008|2009|2010|2011
Audi,A7,251,13995.00,89800.00,42262.00,2012|2013|2014|2015|2016|2017|2018|2019|2020
Genesis,G80,388,16455.00,429073.00,37214.66,2017|2018|2019|2020
Lincoln,Zephyr,16,1500.00,19888.00,5646.12,1940|2006
Audi,A5 Sportback,315,24100.00,58150.00,41056.97,2018|2019|2020
Lexus,SC 430,41,7900.00,21500.00,14318.34,2002|2003|2004|2005|2006|2007|2008
Hyundai,Veloster Turbo,170,6975.00,29655.00,15862.41,2013|2014|2015|2016|2017|2020
Cadillac,Eldorado,31,3500.00,94995.00,16716.19,1954|1958|1966|1971|1976|1980|1984|1985|1991|1992|1996|1997|1998|1999|2000|2001|2002
GMC,Suburban,11,2400.00,49900.00,11364.45,1966|1993|1995|1996|1997|1998|1999
Dodge,RAM 2500,316,1500.00,41489.00,15955.58,1994|1995|1996|1997|1998|1999|2000|2001|2002|2003|2004|2005|2006|2007|2008|2009|2010
Genesis,G90,114,25999.00,79225.00,51449.94,2017|2018|2019|2020
Hyundai,Azera,115,2000.00,23995.00,12562.72,2006|2007|2008|2009|2010|2011|2012|2013|2014|2015|2016|2017
Hyundai,Accent,1409,900.00,20860.00,12492.53,1997|1998|2001|2002|2003|2004|2005|2006|2007|2008|2009|2010|2011|2012|2013|2014|2015|2016|2017|2018|2019|2020|2021
Mitsubishi,Galant,63,1100.00,7995.00,4517.67,2000|2002|2003|2004|2005|2006|2007|2009|2010|2011|2012
Honda,Civic Hatchback,1177,9995.00,30205.00,22371.77,2017|2018|2019|2020
Toyota,RAV4 Hybrid,1702,13995.00,41936.00,31947.95,2016|2017|2018|2019|2020|2021
Cadillac,STS,65,2990.00,11595.00,6874.82,2005|2006|2007|2008|2009|2010|2011
Mercedes-Benz,Sprinter Cargo,222,12950.00,147991.00,40181.56,2011|2012|2013|2014|2015|2016|2017|2018|2019
Mazda,RX-8,14,3850.00,18900.00,7711.00,2004|2005|2006|2009|2010
Ford,C-Max Hybrid,293,4990.00,29160.00,12795.14,2013|2014|2015|2016|2017|2018
Chrysler,Sebring,189,670.00,13995.00,4489.26,1996|1998|1999|2000|2001|2002|2003|2004|2005|2006|2007|2008|2009|2010
Ford,EcoSport,7025,11655.00,31540.00,22837.30,2018|2019|2020|2021
Lexus,RX 330,143,3600.00,14000.00,7706.65,2004|2005|2006
Mercedes-Benz,A-Class,513,21950.00,64045.00,39660.06,2019|2020|2021
Audi,TT,95,4995.00,56940.00,22286.88,2001|2002|2003|2004|2005|2008|2009|2010|2012|2013|2014|2015|2016|2017|2018|2019|2020
Hyundai,Venue,965,13990.00,23830.00,19865.58,2020|2021
Toyota,Corolla Hybrid,592,18591.00,26249.00,23795.80,2020|2021
Nissan,Versa Note,327,4599.00,19485.00,9701.67,2014|2015|2016|2017|2018|2019
Maserati,Quattroporte,204,9900.00,130785.00,67679.85,2005|2006|2007|2008|2009|2011|2012|2014|2015|2016|2017|2018|2019|2020
Cadillac,CTS Coupe,73,8899.00,22590.00,15181.84,2011|2012|2013|2014
Saab,9-3,111,1595.00,15997.00,6185.69,1999|2000|2001|2002|2003|2004|2005|2006|2007|2008|2009|2010|2011
Audi,S5 Sportback,99,34481.00,69430.00,48260.09,2018|2019|2020
FIAT,500,301,2500.00,27880.00,8656.58,2012|2013|2014|2015|2016|2017|2018|2019
Lexus,NX 200t,694,18695.00,37068.00,28510.24,2015|2016|2017
Audi,A4 Allroad,149,9995.00,58860.00,32684.91,2013|2014|2015|2016|2017|2018|2019|2020
Bentley,Bentayga,58,124966.00,235995.00,155120.19,2017|2018|2019|2020
Honda,CR-Z,48,4990.00,17998.00,9257.17,2011|2012|2013|2014|2015|2016
Suzuki,SX4,97,2495.00,10998.00,5967.86,2007|2008|2009|2010|2011|2012|2013
Toyota,Camry Hybrid,1910,2200.00,40142.00,27028.56,2007|2008|2009|2010|2011|2012|2013|2014|2015|2016|2017|2018|2019|2020
Kia,Forte5,200,3000.00,19999.00,11781.54,2011|2012|2013|2014|2015|2016|2017|2018
BMW,X3 M,126,64487.00,84395.00,78467.14,2020|2021
Hyundai,Ioniq Hybrid,651,11995.00,32920.00,25552.21,2017|2018|2019|2020
Chevrolet,HHR,227,950.00,14895.00,5293.04,2006|2007|2008|2009|2010|2011
Volvo,XC60,2860,5999.00,75915.00,43800.93,2010|2011|2012|2013|2014|2015|2016|2017|2018|2019|2020|2021
Volvo,V90,162,32959.00,69950.00,51069.96,2017|2018|2019|2020
Nissan,NV200,454,3900.00,29998.00,19988.34,2013|2014|2015|2016|2017|2018|2019|2020
Toyota,Prius c,192,4990.00,21480.00,11899.93,2012|2013|2014|2015|2016|2017|2018|2019
Ford,Mustang Shelby GT500,156,25000.00,138000.00,65532.21,2007|2008|2009|2010|2011|2012|2013|2014|2020
INFINITI,Q70L,70,18000.00,53508.00,30292.16,2015|2016|2017|2018|2019
Porsche,718 Cayman,81,47940.00,139100.00,73670.28,2017|2018|2019|2020|2021
Ford,Flex,1205,3495.00,49074.00,20173.39,2009|2010|2011|2012|2013|2014|2015|2016|2017|2018|2019
Lincoln,Mark VIII,4,2650.00,27995.00,9158.75,1994|1996|1998
GMC,Sierra 2500HD,1370,4499.00,85150.00,51077.51,2001|2002|2003|2004|2005|2006|2007|2008|2009|2010|2011|2012|2013|2014|2015|2016|2017|2018|2019|2020
Lincoln,Aviator,954,995.00,91175.00,68130.97,2003|2004|2005|2020|2021
Buick,Verano,507,4500.00,29520.00,12352.97,2012|2013|2014|2015|2016|2017
Mitsubishi,Outlander Sport,2364,4995.00,29795.00,20447.84,2011|2012|2013|2014|2015|2016|2017|2018|2019|2020
Toyota,Avalon Hybrid,486,8900.00,46886.00,34741.01,2013|2014|2015|2016|2017|2018|2019|2020|2021
Chrysler,Voyager,538,1900.00,33520.00,28172.06,2000|2001|2002|2020
Chevrolet,Express,1199,3433.00,63995.00,24420.85,1999|2000|2001|2002|2003|2004|2005|2006|2007|2008|2009|2010|2011|2012|2013|2014|2015|2016|2017|2018|2019|2020
Hyundai,Veloster N,51,23935.00,31080.00,29336.67,2019|2020
Hyundai,Kona Electric,206,35820.00,47365.00,42899.27,2019|2020
Saturn,Outlook,57,2100.00,9596.00,5624.74,2007|2008|2009|2010
Hyundai,Sonata Hybrid Plug-In,62,16495.00,40270.00,31667.40,2016|2017|2019
Volkswagen,Jetta Hybrid,18,6950.00,16998.00,10437.06,2013|2014|2015|2016
Acura,RL,65,1999.00,14995.00,7297.78,1997|1999|2000|2002|2003|2005|2006|2007|2008|2009|2010|2011
Hyundai,Genesis,221,5500.00,28995.00,16144.62,2009|2010|2011|2012|2013|2014|2015|2016
Lexus,RX 300,65,2200.00,7995.00,5207.05,1999|2000|2001|2002|2003
Ford,Five Hundred,48,995.00,11900.00,4457.88,2005|2006|2007
GMC,Envoy,189,500.00,13595.00,5518.85,2000|2002|2003|2004|2005|2006|2007|2008|2009
Volkswagen,Jetta GLI,280,19400.00,32945.00,27399.58,2019|2020
Volkswagen,Touareg,202,2700.00,33900.00,15862.46,2004|2005|2006|2007|2010|2011|2012|2013|2014|2015|2016|2017
Toyota,Corolla Hatchback,480,16060.00,29423.00,23160.66,2019|2020|2021
Alfa Romeo,Giulia,927,17984.00,87445.00,41213.73,1970|2017|2018|2019|2020
Ford,Fusion Energi,808,7875.00,39885.00,27066.76,2013|2014|2015|2016|2017|2018|2019|2020
INFINITI,FX35,94,3995.00,19995.00,11767.21,2004|2005|2006|2007|2008|2009|2010|2011|2012
Tesla,Model X,75,49998.00,149888.00,73601.93,2016|2017|2018|2019|2020
smart,fortwo,147,2595.00,21998.00,9084.01,2005|2008|2009|2010|2011|2012|2013|2014|2015|2016|2017
Jaguar,XE,434,16500.00,188495.00,37689.22,2017|2018|2019|2020
INFINITI,QX56,174,4995.00,27919.00,16704.28,2004|2005|2006|2007|2008|2009|2010|2011|2012|2013
Buick,LaCrosse,1067,1548.00,39712.00,15785.49,2005|2006|2007|2008|2009|2010|2011|2012|2013|2014|2015|2016|2017|2018|2019
Toyota,Yaris iA,213,9897.00,111111.00,13424.68,2017|2018
Chevrolet,Tahoe Hybrid,10,8599.00,18990.00,12970.20,2008|2009|2010|2011|2013
Land Rover,LR4,100,9987.00,45995.00,23501.18,2010|2011|2012|2013|2014|2015|2016
Nissan,Juke,460,4900.00,25845.00,11050.64,2011|2012|2013|2014|2015|2016|2017
BMW,8 Series,204,79977.00,131295.00,102117.44,2019|2020|2021
Saturn,VUE,171,495.00,9950.00,4746.15,2002|2003|2004|2005|2006|2007|2008|2009|2010
BMW,M8,150,120900.00,175045.00,149619.69,2020|2021
Ford,Explorer Hybrid,87,38711.00,60665.00,52331.36,2020
Subaru,Impreza WRX STI,75,10991.00,34900.00,20071.81,2004|2005|2006|2007|2008|2009|2010|2011|2012|2013|2014
Ford,Transit Crew,142,34177.00,58855.00,43355.61,2020
Lexus,LX 470,25,4990.00,23995.00,13237.64,2000|2001|2002|2003|2004|2005|2006|2007
Chevrolet,Silverado Classic 1500,51,2999.00,14995.00,8829.51,2007
Ford,F-550 Super Duty Chassis,850,4495.00,129515.00,58541.31,2001|2003|2005|2007|2008|2009|2012|2013|2014|2015|2016|2017|2018|2019|2020
GMC,Savana,238,4995.00,58165.00,26547.48,1997|1999|2000|2002|2003|2004|2005|2006|2007|2008|2009|2010|2011|2012|2013|2014|2015|2016|2017|2018|2019|2020
Subaru,Crosstrek Hybrid,125,13988.00,41124.00,36366.26,2016|2019|2020
Lexus,RX Hybrid,432,11995.00,66190.00,45598.81,2010|2011|2012|2013|2014|2015|2016|2017|2018|2019|2020
Chevrolet,Silverado Classic 3500,8,10990.00,22995.00,16617.88,2007
Toyota,Supra,309,12995.00,114900.00,54854.69,1987|1993|1994|1995|1997|1998|2020|2021
Nissan,NV Cargo,396,8950.00,52770.00,29719.85,2012|2013|2014|2015|2016|2017|2018|2019|2020
Cadillac,Escalade EXT,45,8499.00,34624.00,18406.01,2003|2004|2005|2006|2007|2008|2009|2010|2011|2012|2013
Ferrari,458 Italia,48,124900.00,629900.00,228246.92,2010|2011|2012|2013|2014|2015
Audi,RS 3,33,48500.00,65725.00,59521.03,2017|2018|2019|2020
Volkswagen,e-Golf,33,8910.00,40190.00,24341.30,2015|2016|2017|2019
BMW,Z4,128,4995.00,70505.00,32546.53,2003|2004|2005|2006|2007|2008|2009|2010|2011|2012|2014|2015|2016|2019|2020|2021
Porsche,Boxster,125,5999.00,94900.00,23566.30,1997|1998|1999|2000|2001|2002|2003|2004|2005|2006|2007|2008|2009|2010|2011|2012|2013|2014|2015|2016
Hyundai,Santa Fe XL,16,21308.00,44990.00,33259.00,2019
Jaguar,F-TYPE,269,21900.00,131031.00,69659.99,2014|2015|2016|2017|2018|2019|2020|2021
Lexus,LC,49,64995.00,121775.00,95519.24,2018|2019|2020|2021
Scion,xD,82,2995.00,11887.00,6466.96,2008|2009|2010|2011|2012|2013|2014
Mitsubishi,Endeavor,47,1695.00,9999.00,5437.72,2004|2005|2006|2007|2008|2010|2011
Scion,iA,40,8299.00,13998.00,10725.75,2016
Mazda,CX-7,124,3699.00,13995.00,7252.14,2007|2008|2009|2010|2011|2012
Chevrolet,Aveo,124,995.00,7995.00,4248.13,2004|2005|2006|2007|2008|2009|2010|2011
Dodge,Dart,673,3837.00,48995.00,9414.50,1962|1963|1964|1965|1967|1970|1973|1974|2013|2014|2015|2016
Hyundai,Veracruz,76,3499.00,13995.00,7940.36,2007|2008|2009|2010|2011|2012
Mercury,Sable,55,895.00,8998.00,3830.87,1988|1997|1998|1999|2000|2001|2002|2003|2004|2005|2008|2009
INFINITI,M35,52,2999.00,13998.00,8392.25,2006|2007|2008|2009|2010
Rolls-Royce,Ghost,34,92900.00,450450.00,177103.18,2010|2011|2012|2013|2015|2016|2017|2018|2019|2020
Chevrolet,Captiva Sport,155,2700.00,23995.00,9140.15,2012|2013|2014|2015
Nissan,Kicks,1799,13995.00,26610.00,20335.64,2018|2019|2020
Mazda,MAZDA2,56,2500.00,10995.00,6529.21,2011|2012|2013|2014
Scion,xB,169,2000.00,27554.00,7182.03,2004|2005|2006|2008|2009|2010|2011|2012|2013|2014|2015
Scion,iQ,27,4999.00,11444.00,7912.44,2012|2013|2014|2015
Saturn,Aura,82,1500.00,8350.00,5078.50,2007|2008|2009
Mercury,Mariner,114,1800.00,12877.00,6010.47,2005|2006|2007|2008|2009|2010|2011
Chevrolet,Malibu Hybrid,71,4693.00,30840.00,16205.52,2008|2009|2016|2017|2018|2019
Volkswagen,Cabrio,4,1699.00,7995.00,4419.75,2001|2002
Suzuki,Grand Vitara,39,2499.00,10990.00,6628.97,2000|2003|2004|2005|2006|2007|2008|2009|2010|2011|2012|2013
Mazda,Tribute,68,995.00,10000.00,4487.46,2001|2002|2003|2004|2005|2006|2008|2009|2010|2011
Volvo,V50,18,3699.00,9495.00,5762.00,2005|2006|2007|2008|2009|2010|2011
RAM,3500 Chassis,596,12842.00,70935.00,48584.03,2011|2012|2013|2014|2015|2016|2017|2018|2019|2020
Toyota,ECHO,16,1995.00,4900.00,3522.31,2000|2001|2002|2003|2005
Ford,Econoline Cargo,4,4500.00,12500.00,8248.50,2000|2002|2004|2012
Honda,Accord Crosstour,56,5450.00,16062.00,10407.21,2010|2011
Ford,Transit Chassis,177,13990.00,79999.00,40732.54,2015|2016|2017|2018|2019|2020
Ford,F-450 Super Duty Chassis,34,8990.00,94730.00,50389.91,2008|2013|2019|2020
Lexus,ES 300h,158,11000.00,38500.00,23592.18,2013|2014|2015|2016|2017|2018
Mercedes-Benz,Metris Cargo,456,15995.00,38626.00,33780.90,2016|2017|2018|2019|2020
Nissan,Murano CrossCabriolet,10,10995.00,19888.00,15161.50,2011|2012|2013|2014
Lexus,NX Hybrid,134,21995.00,48400.00,40392.91,2015|2017|2018|2019|2020|2021
Lexus,LX,55,79998.00,101867.00,96684.11,2020
Ford,Mustang SVT Cobra,32,7987.00,31507.00,19440.62,1993|1994|1995|1996|1997|1998|1999|2001|2003|2004
Lexus,UX Hybrid,296,27977.00,50394.00,38004.45,2019|2020
INFINITI,FX37,11,14900.00,20899.00,17319.00,2013
Lexus,ES 330,89,2244.00,13488.00,6663.09,2004|2005|2006
Honda,Insight,958,3995.00,30789.00,24822.91,2010|2011|2012|2013|2014|2019|2020|2021
Rolls-Royce,Phantom Drophead Coupe,8,134990.00,400000.00,226857.88,2009|2012|2014|2015|2016
Ferrari,250 GT,1,1390000.00,1390000.00,1390000.00,1959
Audi,A3 Sportback,34,15995.00,27965.00,22112.76,2016|2017|2018
Porsche,718 Boxster,54,45894.00,116770.00,72073.43,2017|2018|2019|2020
Porsche,912,4,64995.00,125000.00,93872.50,1968
McLaren,570S,35,134996.00,254392.00,175040.54,2016|2017|2018|2019|2020
Acura,RLX,105,12995.00,56325.00,39645.10,2014|2015|2016|2017|2018|2020
Acura,RLX Hybrid Sport,39,26966.00,63794.00,57914.21,2016|2017|2018|2019|2020
Chevrolet,Astro Cargo,7,2795.00,9990.00,5452.00,1995|2001|2003|2004|2005
Subaru,B9 Tribeca,38,2995.00,9575.00,6386.37,2006|2007
Subaru,Tribeca,75,4999.00,34987.00,9436.71,2008|2009|2010|2011|2012|2013|2014
Chevrolet,Astro,10,1990.00,7995.00,4539.90,1997|2000|2002|2003|2004|2005
GMC,Safari,8,2500.00,9490.00,5796.62,1992|1996|1999|2003|2005
Land Rover,LR3,32,4995.00,13997.00,8165.28,2005|2006|2007|2008
Nissan,370Z,125,11450.00,48615.00,26937.78,2009|2010|2011|2012|2013|2014|2015|2016|2017|2018|2019|2020
Scion,FR-S,77,9995.00,45000.00,16160.53,2013|2014|2015|2016
Honda,Civic Type R,76,22955.00,53541.00,34358.30,2017|2018|2019|2020|2021
Nissan,GT-R,50,50100.00,205730.00,88579.90,2009|2010|2012|2013|2014|2015|2016|2017|2018|2019|2020
Chrysler,Crossfire,54,3690.00,19995.00,10611.15,2004|2005|2006|2007|2008
Mercedes-Benz,190-Class,4,4995.00,39999.00,16122.75,1959|1987|1988
BMW,Z3,35,3495.00,19995.00,9967.46,1996|1997|1998|1999|2000|2001|2002
Kaiser,Manhattan,1,12995.00,12995.00,12995.00,1953
Lexus,LS,140,67960.00,108260.00,89653.37,2020
Buick,Special,4,4000.00,26900.00,15948.75,1939|1940|1950
Dodge,RAM 150,4,4000.00,18900.00,10973.75,1986|1988|1989|1990
Ford,Fairlane,7,14990.00,209995.00,52624.29,1955|1956|1957|1963|1966
Ford,Thunderbird,165,1850.00,84995.00,20022.51,1955|1956|1957|1960|1961|1962|1963|1964|1965|1966|1971|1973|1980|1985|1989|1991|1996|1997|2002|2003|2004|2005
Lamborghini,Aventador,14,249990.00,509996.00,355769.50,2012|2013|2014|2016|2017|2018|2019
Buick,Roadmaster,13,3000.00,69900.00,11434.46,1947|1992|1993|1994|1995|1996
BMW,Z4 M,5,16495.00,34790.00,29033.00,2007|2008
Ferrari,Portofino,18,195000.00,289665.00,226101.39,2019|2020
Ferrari,488,68,188400.00,539900.00,305277.01,2016|2017|2018|2019|2020
Audi,RS Q8,8,128190.00,139090.00,134511.25,2020|2021
Ferrari,599 GTB Fiorano,17,107900.00,1390000.00,315942.29,2007|2008|2009|2010|2011
Ferrari,GTC4Lusso T,10,189900.00,289900.00,224897.50,2018|2019
Jaguar,XK-Series,77,3995.00,48995.00,19225.42,1997|1998|1999|2000|2001|2002|2003|2004|2005|2006|2007|2008|2009|2010|2011|2012|2013|2014|2015
Volkswagen,Eos,58,3999.00,16985.00,8598.90,2007|2008|2009|2010|2012|2013|2014
Toyota,RAV4 Prime,11,39544.00,47081.00,42569.82,2021
Honda,S2000,19,14786.00,33900.00,23588.42,2000|2001|2002|2003|2004|2005|2006
Hyundai,Tiburon,19,1599.00,7900.00,4721.16,1997|2000|2004|2005|2006|2007|2008
Audi,RS 6,5,11800.00,23850.00,16525.20,2003
Volkswagen,Touareg 2,19,4900.00,12999.00,7704.89,2008|2009
FIAT,500L,105,5495.00,28450.00,14987.19,2014|2015|2016|2017|2018|2019|2020
Cadillac,DeVille,112,1200.00,39501.00,6565.95,1960|1965|1966|1967|1970|1973|1975|1977|1987|1988|1989|1990|1991|1994|1995|1997|1998|1999|2000|2001|2002|2003|2004|2005
Audi,A8 Hybrid Plug-In,29,100800.00,116695.00,108017.93,2020
Audi,TT RS,8,36826.00,78620.00,69237.12,2013|2019|2020
GMC,Sierra 3500,21,1900.00,23999.00,12390.76,1990|1993|1996|1998|2002|2003|2005|2006
Pontiac,Firebird,95,3995.00,999999.00,30242.12,1967|1969|1976|1977|1978|1979|1980|1981|1982|1983|1984|1986|1987|1988|1989|1991|1993|1994|1995|1996|1997|1998|1999|2000|2001|2002
Porsche,Cayman,67,12000.00,188900.00,46796.33,2006|2007|2008|2010|2011|2012|2014|2015|2016
Acura,Legend,3,4995.00,7995.00,6630.00,1989|1993|1994
Buick,Riviera,14,2250.00,49900.00,13639.57,1966|1970|1973|1979|1985|1989|1990|1992|1993|1995|1997
Aston Martin,DB7,4,17900.00,40750.00,28886.00,2000|2001|2003
GMC,Sierra 2500HD Classic,18,7777.00,26990.00,15517.39,2007
Hyundai,Entourage,31,2995.00,7988.00,5141.90,2007|2008
Lexus,LS 600h L,2,12995.00,55950.00,34472.50,2008|2014
Chevrolet,SS,17,31780.00,43488.00,36313.59,2014|2015|2017
Lexus,RC 300,46,23900.00,49710.00,32396.30,2016|2017|2018
Ford,F-550 Super Duty,77,4950.00,59995.00,29791.10,2006|2011|2012|2014
Pontiac,Grand Am,50,1130.00,75000.00,7892.94,1973|1978|1979|1980|1995|1997|1999|2001|2002|2003|2004|2005
Freightliner,Sprinter,12,11995.00,31995.00,19727.50,2002|2011|2012|2013|2014|2015
Ford,Model A,23,12900.00,119900.00,33733.26,1927|1928|1929|1930|1931
Aston Martin,DB9,11,28900.00,130007.00,67498.64,2005|2006|2008|2010|2013|2014|2016
Saturn,Astra,19,1800.00,6995.00,4351.37,2008
Aston Martin,V8 Vantage,21,29900.00,86800.00,52710.19,2006|2007|2008|2011|2012|2013|2014|2015|2016
Jaguar,I-PACE,153,49987.00,92010.00,76050.78,2019|2020
Rolls-Royce,Cullinan,13,324950.00,459995.00,365087.31,2019|2020
Ferrari,FF,5,129865.00,164900.00,146493.00,2012|2014|2015
Chevrolet,City Express,52,6970.00,25135.00,12155.10,2015|2016|2017
Lotus,Evora,25,29977.00,117195.00,97395.72,2010|2011|2017|2018|2020
Karma,Revero GT,9,114990.00,154400.00,146221.11,2020
Aston Martin,Vantage,65,121306.00,210141.00,175239.74,2019|2020
Aston Martin,DB11,59,124999.00,279396.00,209425.15,2017|2018|2019|2020
INFINITI,QX4,13,1999.00,14990.00,5050.15,1998|1999|2000|2001|2002|2003
Chevrolet,Cavalier,64,495.00,6990.00,3054.66,1985|1987|1988|1989|1992|1996|1997|1998|1999|2000|2001|2002|2003|2004|2005
FIAT,500e,45,6792.00,11995.00,9607.82,2013|2014|2015|2016|2017
Audi,SQ7,87,87050.00,106790.00,94697.31,2020
Land Rover,Freelander,2,3800.00,3895.00,3847.50,2002|2005
Hummer,H3T,13,11999.00,34990.00,22334.38,2009|2010
Porsche,356,6,18995.00,89900.00,48480.67,1956|1957|1962|1964
Rolls-Royce,Silver Spur,11,13950.00,49995.00,23872.73,1985|1986|1988|1991|1992|1994|1996
Lexus,GS,21,38645.00,59663.00,49785.71,2019
Nissan,Rogue Hybrid,20,17877.00,24998.00,22412.35,2017|2018|2019
Chevrolet,C/K 10,36,6950.00,139900.00,28821.72,1961|1962|1964|1965|1967|1968|1969|1970|1971|1972|1973|1977|1980|1982|1983|1984|1985|1986
INFINITI,I35,7,2295.00,5495.00,3739.14,2002|2003|2004
RAM,Dakota,31,6995.00,18000.00,13202.68,2011
Cadillac,ATS-V Coupe,7,36500.00,49995.00,44068.71,2016|2017|2018
Ferrari,430 Scuderia,10,157500.00,349900.00,259950.00,2008|2009
Cadillac,CTS-V Coupe,6,34495.00,49500.00,42240.00,2011|2012|2013|2014
Isuzu,Trooper,6,2499.00,4950.00,3519.50,1996|1999|2000|2001
Ferrari,328,7,64988.00,248900.00,129388.29,1986|1987|1988|1989
Mazda,MPV,17,1995.00,9500.00,4208.88,2001|2002|2003|2004|2005|2006
Audi,SQ8,18,94970.00,109540.00,100429.83,2020
Bentley,Continental Supersports,10,69500.00,218880.00,126984.60,2010|2011|2012|2017|2018
Mercedes-Benz,SLS-Class,9,117456.00,409900.00,193003.33,2012|2013|2014
Buick,Rendezvous,60,900.00,7499.00,4114.00,2002|2003|2004|2005|2006|2007
Land Rover,Series III,3,21750.00,27950.00,24883.33,1971|1973
Lotus,Elan,1,29950.00,29950.00,29950.00,1971
Hummer,H2 SUT,30,15995.00,59995.00,27135.47,2005|2006|2007|2008|2009
McLaren,720S,57,229998.00,400674.00,336781.75,2018|2019|2020
Porsche,Cayenne Hybrid,5,16892.00,27390.00,23135.40,2012|2014
Cadillac,CTS Sport Wagon,11,10500.00,16850.00,13152.18,2010|2011|2013
Scion,iM,31,8495.00,16795.00,12774.90,2016
Ford,Escort,6,1300.00,5995.00,3652.17,1991|1997|1998|1999
GMC,Yukon Hybrid,13,5500.00,23995.00,14470.92,2008|2010|2013
Chrysler,Concorde,9,2499.00,10995.00,5000.44,1994|1999|2000|2002|2003|2004
Dodge,RAM Van,12,2500.00,10995.00,6547.83,1996|1997|1999|2000|2001|2002|2003
Plymouth,Barracuda,9,13000.00,165000.00,66420.78,1965|1967|1968|1970|1971
Pontiac,Aztek,12,1200.00,5290.00,2977.58,2001|2002|2003|2004|2005
Mercury,Monterey,14,1900.00,39995.00,9693.43,1952|1953|1955|2004|2005|2006|2007
Pontiac,Fiero,6,3900.00,15995.00,9310.83,1984|1985|1986|1987|1988
Lexus,LS 430,63,3999.00,24990.00,8711.56,2001|2002|2003|2004|2005|2006
GMC,Sierra Classic 1500,11,995.00,12444.00,7863.27,1999|2007
MINI,Countryman Hybrid Plug-in,14,22700.00,48219.00,33305.14,2018|2019|2020
Pontiac,G5,37,1998.00,6996.00,4610.92,2007|2008|2009
McLaren,570GT,9,129996.00,157888.00,144314.67,2017|2018|2019
Cadillac,Seville,20,2990.00,12900.00,5648.95,1980|1982|1984|1985|1988|1990|1997|1998|1999|2001|2002|2003|2004
Maserati,Coupe,11,15799.00,42995.00,24731.82,2002|2003|2004|2005|2006
Ferrari,360 Spider,12,69786.00,139900.00,95165.50,2001|2002|2003|2004|2005
Lexus,LX 450,3,12999.00,25000.00,17831.33,1997
Aston Martin,Lagonda,1,70000.00,70000.00,70000.00,1984
Oldsmobile,Custom Cruiser,2,9995.00,21995.00,15995.00,1992
GMC,C/K 2500 Series,3,4995.00,69995.00,28995.00,1999|2000
Chevrolet,C/K 2500,6,2995.00,7995.00,5329.67,1996|1997|1998|1999
Volvo,240,2,1250.00,4995.00,3122.50,1991|1992
Chevrolet,C/K 20,6,14850.00,34900.00,20938.00,1969|1972|1975|1980|1986
Pontiac,Grand Ville,3,7900.00,19995.00,14963.33,1973|1974
Ferrari,F430 Spider,21,92499.00,269900.00,138081.10,2006|2007|2008
McLaren,650S,7,139900.00,174450.00,157674.43,2015|2016
Audi,RS 5 Sportback,13,69995.00,96200.00,81298.08,2019
McLaren,GT,34,205999.00,268846.00,242694.76,2020
McLaren,675LT,7,207900.00,299995.00,244435.29,2016
Ferrari,Superamerica,5,259900.00,349900.00,305900.00,2005
Porsche,924,2,9969.00,27900.00,18934.50,1977|1987
Triumph,TR6,9,8500.00,29900.00,20942.11,1972|1973|1974|1975|1976
Porsche,914,4,22995.00,99900.00,55943.75,1970|1974|1975|1976
Ferrari,575M,6,104995.00,162900.00,119932.33,2002|2003|2005
Ferrari,612 Scaglietti,7,79999.00,209900.00,115383.71,2005|2007|2009
Chrysler,Aspen,34,2000.00,14700.00,7678.38,2007|2008
Volvo,960,3,799.00,4000.00,2764.67,1997
Oldsmobile,442,10,32995.00,104900.00,55758.00,1965|1966|1969|1970|1971|1972
Cadillac,CTS-V Wagon,4,49995.00,65000.00,53996.50,2012|2013|2014
Cadillac,CT6-V,19,77489.00,100800.00,89801.21,2019|2020
Chevrolet,Lumina,5,495.00,68118.00,15131.60,1994|1996|1998|1999|2001
Dodge,Stealth,11,6500.00,47000.00,17403.18,1991|1992|1993|1994
Mercedes-Benz,280,2,9999.00,10000.00,9999.50,1970|1974
Volkswagen,Phaeton,5,4995.00,19991.00,11327.20,2004
Mercedes-Benz,560-Class,6,6995.00,89900.00,28445.00,1986|1987|1988|1989|1991
Nissan,300ZX,20,4999.00,39950.00,14706.70,1985|1986|1987|1988|1989|1990|1991|1992|1993|1994|1996
GMC,Sierra 1500 Hybrid,3,10995.00,14995.00,12909.00,2009|2011|2012
Acura,CL,9,1500.00,4995.00,3637.33,1999|2001|2002|2003
Chevrolet,Silverado Hybrid,14,10888.00,16995.00,13475.00,2009|2010|2011
Buick,Regal Sportback,59,14999.00,41998.00,24652.56,2018|2019|2020
Ford,Deluxe,13,18900.00,84900.00,42214.46,1934|1935|1938|1940|1941
Plymouth,Neon,5,1496.00,3995.00,2995.00,1998|2000
Plymouth,Valiant,3,3900.00,13995.00,10265.00,1964|1972
Mercedes-Benz,300-Class,22,1995.00,117000.00,16002.59,1971|1972|1976|1979|1981|1983|1984|1985|1986|1990|1991|1992|1993
Lexus,GS 460,3,7997.00,11500.00,10332.00,2008
Plymouth,Satellite,5,9999.00,82995.00,37157.80,1965|1966|1967|1974
Bentley,Bentayga Hybrid,1,226695.00,226695.00,226695.00,2020
Lexus,LFA,1,509900.00,509900.00,509900.00,2012
Ferrari,F12tdf,1,985900.00,985900.00,985900.00,2016
Pagani,Huayra,1,2195000.00,2195000.00,2195000.00,2014
Ferrari,Enzo,1,3195000.00,3195000.00,3195000.00,2003
Alfa Romeo,8C Competizione,1,353900.00,353900.00,353900.00,2009
Ford,GT,4,315000.00,626340.00,410060.00,2005|2006|2020
Honda,Prelude,9,2990.00,13900.00,6423.67,1994|1998|2000|2001
Chevrolet,Prizm,6,1995.00,3996.00,3190.50,2000|2001|2002
Saturn,Relay,7,2495.00,5990.00,3923.57,2005|2006
McLaren,P1,1,1349000.00,1349000.00,1349000.00,2015
Dodge,Diplomat,2,4995.00,10500.00,7747.50,1980|1987
Alfa Romeo,164,2,7495.00,9995.00,8745.00,1991|1994
Ford,Galaxie 500,5,12995.00,30900.00,22719.00,1963|1964|1965
Volkswagen,EuroVan,9,4499.00,42500.00,16429.00,1999|2000|2001|2002
Ford,Cortina,1,28950.00,28950.00,28950.00,1967
RAM,ProMaster Chassis,14,18990.00,46525.00,31865.50,2015|2016|2017|2018|2019|2020
Lamborghini,Murcielago,6,149999.00,199000.00,182115.67,2003|2004|2006|2007|2008
Ferrari,512TR,3,199995.00,252999.00,235331.00,1992
Oldsmobile,Cutlass Supreme,7,4488.00,28900.00,11007.71,1975|1982|1992|1993|1997
Mercury,Marauder,8,8995.00,29995.00,16469.50,2003|2004
Dodge,400,1,10000.00,10000.00,10000.00,1983
Lexus,GS Hybrid,6,10000.00,19990.00,15589.00,2007|2009|2011|2013
GMC,Jimmy,18,1595.00,43000.00,12428.72,1970|1971|1981|1984|1987|1989|1991|1996|1998|1999|2000|2001
Chrysler,300M,11,2400.00,5000.00,3828.82,2000|2001|2002|2003|2004
Bentley,Arnage,10,23995.00,42790.00,31153.30,2000|2001|2003|2005
Hummer,H1,3,16775.00,75900.00,52886.67,2002|2003
Lexus,SC 400,2,11296.00,12500.00,11898.00,1994|1996
Suzuki,Vitara,3,2495.00,4999.00,3994.00,2000|2001|2003
Volvo,S70,9,1900.00,5550.00,3642.78,1998|1999|2000
INFINITI,M56,8,9995.00,17998.00,14084.00,2011|2012
Ford,Torino,7,8995.00,59995.00,30710.43,1970|1971|1973|1974
Mitsubishi,Mighty Max Pickup,1,8991.00,8991.00,8991.00,1994
Mercury,Cougar,12,2990.00,78500.00,16500.42,1968|1969|1970|1973|1986|1987|1996|1997|2002
Ford,F-150 SVT Lightning,7,12977.00,22000.00,18350.14,1999|2001|2002|2004
INFINITI,M30,1,7900.00,7900.00,7900.00,1991
Mitsubishi,3000GT,6,3999.00,26995.00,14262.33,1991|1994|1995|1996|1998
Ford,Custom,6,25900.00,67995.00,43281.67,1949|1950
Mitsubishi,Lancer Sportback,9,3995.00,8995.00,7008.33,2004|2010|2011|2013|2014
Volkswagen,GLI,1,7100.00,7100.00,7100.00,2008
Saab,9-2X,3,5985.00,6989.00,6489.67,2005
Chrysler,Newport,1,6999.00,6999.00,6999.00,1963
Ferrari,F355,6,79700.00,123790.00,88864.83,1995|1997|1998|1999
Mitsubishi,Raider,10,2950.00,10995.00,7180.80,2006|2007|2008|2009
Ford,Model T,7,9500.00,29900.00,16169.29,1915|1923|1927
Toyota,Pickup,8,9995.00,19900.00,15634.38,1982|1984|1989|1992|1993|1994
Ford,Escape Hybrid Plug-in,1,38210.00,38210.00,38210.00,2020
Chevrolet,Superior,1,29995.00,29995.00,29995.00,1926
Cadillac,Series 62,5,15000.00,119995.00,59577.00,1947|1950|1961|1962
Chevrolet,Nomad,2,75000.00,99995.00,87497.50,1955|1957
Saab,9-5 SportCombi,3,3500.00,4995.00,4465.00,2008
Pontiac,Deluxe,2,6950.00,19900.00,13425.00,1938|1940
Plymouth,Plaza,1,6900.00,6900.00,6900.00,1956
Subaru,SVX,3,4488.00,12900.00,8461.00,1992|1995|1997
Triumph,Spitfire,1,7900.00,7900.00,7900.00,1979
Dodge,Omni,1,13900.00,13900.00,13900.00,1985
AM General,Hummer,3,42933.00,59995.00,50264.33,1995|1997
Alfa Romeo,Spider,18,7599.00,22000.00,14686.78,1976|1979|1981|1982|1983|1984|1985|1986|1987|1991
Ford,Elite,1,9900.00,9900.00,9900.00,1976
Austin-Healey,Sprite,2,14900.00,21900.00,18400.00,1961|1965
Pontiac,Ventura,1,15900.00,15900.00,15900.00,1972
Ford,Customline,2,16900.00,17995.00,17447.50,1953|1955
Oldsmobile,Ninety-Eight,1,16900.00,16900.00,16900.00,1984
Plymouth,Fury,4,5499.00,37000.00,20074.75,1965|1966|1967|1969
Chevrolet,Stylemaster,1,24900.00,24900.00,24900.00,1948
Chevrolet,R/V 20,1,19900.00,19900.00,19900.00,1987
Buick,Gran Sport,2,27900.00,54900.00,41400.00,1967|1969
Lincoln,Capri,3,16995.00,19900.00,18598.33,1952|1953|1956
MG,TC,1,29900.00,29900.00,29900.00,1947
Volvo,P1800,1,29900.00,29900.00,29900.00,1973
Volkswagen,Vanagon,1,18900.00,18900.00,18900.00,1987
Chevrolet,Master,2,32900.00,32995.00,32947.50,1936|1938
Rolls-Royce,Silver Seraph,2,33900.00,34999.00,34449.50,1999
Mercedes-Benz,230SL,1,46900.00,46900.00,46900.00,1964
Plymouth,GTX,5,46900.00,79500.00,61639.00,1968|1969|1970|1971
AMC,AMX,2,28500.00,34900.00,31700.00,1968|1969
Oldsmobile,Cutlass Calais,2,29995.00,36900.00,33447.50,1983|1984
Ferrari,348,2,59999.00,64900.00,62449.50,1994|1995
Dodge,Super Bee,2,45000.00,69900.00,57450.00,1970
Dodge,RAM 250,2,26874.00,42900.00,34887.00,1989|1991
Chrysler,Crossfire SRT-6,6,13888.00,23900.00,16944.00,2005
Mitsubishi,Montero,9,2500.00,9995.00,5457.33,2002|2003|2005|2006
Dodge,Coronet,5,15500.00,93997.00,39696.40,1965|1966|1967|1968|1969
Ford,Ranger Chassis,6,22430.00,33993.00,31587.67,2019
Jeep,CJ-7,5,8980.00,27995.00,16571.40,1978|1980|1981|1983|1985
Dodge,Shadow,1,795.00,795.00,795.00,1994
Saturn,Aura Hybrid Green Line,1,1600.00,1600.00,1600.00,2007
Mazda,626,5,1950.00,4600.00,3142.40,1998|1999|2002
Isuzu,Ascender,5,3500.00,4495.00,3917.00,2004|2006|2007
Plymouth,Grand Voyager,2,1990.00,3950.00,2970.00,1998
Oldsmobile,Eighty-Eight Royale,2,1700.00,2999.00,2349.50,1992
Chrysler,Cordoba,1,4999.00,4999.00,4999.00,1982
Toyota,MR2,2,14950.00,18800.00,16875.00,1985|1993
Dodge,Intrepid,8,1995.00,4995.00,3439.12,1999|2000|2002|2004
Chevrolet,Silverado SS,5,8995.00,23987.00,14291.40,2003|2005
Plymouth,Deluxe,4,14900.00,34995.00,24573.75,1938|1939|1947
Dodge,RAM Wagon,3,2995.00,12900.00,7296.67,1989|2000|2001
Lexus,GS 430,4,1500.00,12995.00,7572.50,2001|2002|2004|2006
Rolls-Royce,Silver Shadow II,1,24444.00,24444.00,24444.00,1979
Volvo,S60 R,4,3500.00,6499.00,4423.25,2004|2005
Ford,Special Service Hybrid Plug-In,2,48130.00,64409.00,56269.50,2019
Plymouth,Duster,4,17995.00,59995.00,32722.50,1970|1972|1973
Ford,LTD,3,12990.00,19950.00,15311.67,1967|1971|1972
Plymouth,Belvedere,1,40500.00,40500.00,40500.00,1965
Lexus,GS 400,1,5995.00,5995.00,5995.00,2000
Chevrolet,AK Series,1,39988.00,39988.00,39988.00,1941
Chevrolet,Biscayne,4,19995.00,55000.00,37220.50,1961|1965|1966|1967
Oldsmobile,Intrigue,5,1790.00,3998.00,2676.40,1999|2000|2001|2002
Toyota,Corona,1,20000.00,20000.00,20000.00,1969
Rolls-Royce,Silver Spirit,1,22500.00,22500.00,22500.00,1989
Pontiac,G3,3,3733.00,4900.00,4393.67,2009
Ford,Focus SVT,1,4495.00,4495.00,4495.00,2003
Toyota,Hiace,1,12995.00,12995.00,12995.00,1994
Nissan,Skyline,1,12995.00,12995.00,12995.00,1994
Ferrari,365,1,259900.00,259900.00,259900.00,1970
Maserati,Sebring,1,299000.00,299000.00,299000.00,1963
Geo,Prizm,1,3990.00,3990.00,3990.00,1997
Dodge,Aries,1,4900.00,4900.00,4900.00,1982
INFINITI,EX37,5,10995.00,17988.00,14773.00,2013
Cadillac,XLR-V,1,38900.00,38900.00,38900.00,2008
Mercury,Marquis,4,9999.00,14999.00,11995.50,1974|1976|1978
Suzuki,Verona,2,3250.00,3499.00,3374.50,2005
INFINITI,J30,1,3777.00,3777.00,3777.00,1994
Chrysler,Prowler,3,30120.00,49995.00,38132.33,2001|2002
Dodge,Colt,1,1899.00,1899.00,1899.00,1994
Plymouth,Laser,1,15995.00,15995.00,15995.00,1992
Mercedes-Benz,400-Class,1,7988.00,7988.00,7988.00,1993
Rolls-Royce,Corniche,3,54950.00,159900.00,108250.00,1979|2000|2001
Bentley,Continental R,2,49950.00,138900.00,94425.00,1994|2001
Austin-Healey,3000,3,59900.00,89900.00,72933.33,1960|1962|1966
Maserati,Spyder,1,29900.00,29900.00,29900.00,2004
Ferrari,365 GTB/4,1,634900.00,634900.00,634900.00,1973
Ferrari,365 GTC/4,1,289900.00,289900.00,289900.00,1972
GMC,S-15,1,4995.00,4995.00,4995.00,1985
Tesla,Model Y,3,60490.00,67990.00,63490.00,2020
Isuzu,Axiom,2,3595.00,5395.00,4495.00,2002
Nissan,200SX,1,2995.00,2995.00,2995.00,1995
Toyota,Paseo,1,5995.00,5995.00,5995.00,1997
Opel,Kadett,1,16995.00,16995.00,16995.00,1965
Mazda,Protege5,1,4000.00,4000.00,4000.00,2002
Isuzu,Amigo,2,4990.00,9000.00,6995.00,1999
Mitsubishi,Diamante,3,1999.00,2999.00,2664.33,2001|2003
Chevrolet,Fleetmaster,1,6500.00,6500.00,6500.00,1948
Ford,F-600 Super Duty,6,52045.00,52330.00,52187.50,2020
Audi,Cabriolet,1,4300.00,4300.00,4300.00,1997
Lamborghini,Countach,1,299900.00,299900.00,299900.00,1989
Edsel,Ranger,1,5997.00,5997.00,5997.00,1959
Audi,V8,1,7988.00,7988.00,7988.00,1990
Ford,Aerostar,1,4495.00,4495.00,4495.00,1994
Isuzu,Hombre,1,4500.00,4500.00,4500.00,1998
Bentley,S2,1,220950.00,220950.00,220950.00,1962
Eagle,Talon,1,12990.00,12990.00,12990.00,1993
Plymouth,Acclaim,1,995.00,995.00,995.00,1992
Chevrolet,210,4,32995.00,48995.00,38746.25,1955|1956|1957
Volkswagen,Thing,2,13995.00,19500.00,16747.50,1973
Isuzu,Rodeo Sport,1,3590.00,3590.00,3590.00,2002
Toyota,Cressida,1,8995.00,8995.00,8995.00,1989
Datsun,210,1,6500.00,6500.00,6500.00,1979
Honda,Accord Hybrid Plug-In,2,12796.00,14995.00,13895.50,2014
Nissan,Truck,1,6999.00,6999.00,6999.00,1996
Bugatti,Veyron,1,1244996.00,1244996.00,1244996.00,2008
GMC,Sierra,1,10495.00,10495.00,10495.00,1979
GMC,R/V 1500 Series,1,24995.00,24995.00,24995.00,1987
Plymouth,Scamp,1,14995.00,14995.00,14995.00,1972
Mercury,Eight,1,42995.00,42995.00,42995.00,1950
GMC,R/V 2500 Series,1,22000.00,22000.00,22000.00,1987
Honda,NSX,1,53489.00,53489.00,53489.00,1992
Mercedes-Benz,240,1,12990.00,12990.00,12990.00,1982
Porsche,959,1,1425000.00,1425000.00,1425000.00,1988
Saab,95,1,28700.00,28700.00,28700.00,1968
Bentley,Azure,1,57995.00,57995.00,57995.00,2000
