Acura	ILX,4,14995.0,19990.0,17893,[2016, 2017]
Acura	MDX,20,4495.0,44888.0,20610,[2005, 2006, 2007, 2008, 2010, 2015, 2016, 2017, 2019]
Acura	MDX Hybrid Sport,1,31995.0,31995.0,31995,[2018]
Acura	RDX,12,9899.0,33343.0,20737,[2010, 2012, 2013, 2015, 2017, 2018, 2019]
Acura	RL,2,7200.0,7995.0,7597,[2009, 2011]
Acura	RSX,1,4999.0,4999.0,4999,[2002]
Acura	TL,3,2500.0,14900.0,9466,[2005, 2012, 2014]
Acura	TLX,11,17813.0,31950.0,23505,[2015, 2016, 2017, 2018, 2019]
Acura	TSX,3,6499.0,11773.0,9874,[2010, 2012, 2013]
Alfa Romeo	4C,1,97579.0,97579.0,97579,[2015]
Alfa Romeo	Giulia,3,23995.0,27995.0,26659,[2017, 2018]
Alfa Romeo	Stelvio,5,28450.0,32695.0,30926,[2018, 2019]
Audi	A3,16,8990.0,30900.0,19713,[2007, 2015, 2016, 2017, 2018, 2019]
Audi	A4,37,3995.0,34990.0,19357,[2005, 2007, 2008, 2009, 2010, 2011, 2012, 2013, 2014, 2015, 2016, 2017, 2018, 2019]
Audi	A4 Allroad,1,33600.0,33600.0,33600,[2018]
Audi	A4 Avant,2,3795.0,10990.0,7392,[2008, 2010]
Audi	A5,7,7999.0,41495.0,22537,[2010, 2012, 2013, 2014, 2018]
Audi	A5 Sportback,4,29900.0,35990.0,32892,[2018]
Audi	A6,31,3400.0,51990.0,25386,[2004, 2007, 2008, 2010, 2012, 2013, 2014, 2016, 2017, 2018, 2019]
Audi	A7,5,17990.0,53900.0,34600,[2012, 2013, 2017, 2019]
Audi	A8,5,19990.0,59995.0,34374,[2013, 2015, 2016, 2018, 2019]
Audi	Q3,5,21990.0,30990.0,26752,[2016, 2017, 2018]
Audi	Q5,30,9995.0,39995.0,24689,[2009, 2011, 2012, 2014, 2015, 2016, 2017, 2018, 2019]
Audi	Q7,18,5500.0,49995.0,36408,[2007, 2013, 2015, 2017, 2018, 2019]
Audi	Q8,2,63800.0,71681.0,67740,[2019]
Audi	R8,3,59495.0,159999.0,103163,[2011, 2014, 2018]
Audi	RS 3,1,50958.0,50958.0,50958,[2018]
Audi	RS 7,1,58900.0,58900.0,58900,[2016]
Audi	S3,5,28900.0,35995.0,30899,[2015, 2017, 2019]
Audi	S4,9,10949.0,44988.0,29899,[2005, 2009, 2014, 2018]
Audi	S5,4,18985.0,45629.0,34853,[2010, 2016, 2018]
Audi	S5 Sportback,2,42900.0,46990.0,44945,[2018]
Audi	S6,6,39900.0,47400.0,43765,[2017, 2018]
Audi	S7,1,36499.0,36499.0,36499,[2015]
Audi	SQ5,5,36500.0,48995.0,42455,[2017, 2018, 2019]
Audi	TT,3,7990.0,41995.0,20295,[2001, 2009, 2019]
Audi	TTS,1,41990.0,41990.0,41990,[2018]
BMW	1 Series,2,10995.0,14495.0,12745,[2012, 2013]
BMW	2 Series,13,23500.0,44245.0,39738,[2017, 2018, 2020, 2021]
BMW	3 Series,131,2000.0,61580.0,29821,[1996, 2002, 2004, 2006, 2007, 2009, 2011, 2012, 2013, 2014, 2016, 2017, 2018, 2019, 2020, 2021]
BMW	3 Series Gran Turismo,11,16995.0,37995.0,25399,[2015, 2016, 2017, 2018]
BMW	4 Series,33,18492.0,47553.0,27064,[2015, 2016, 2017, 2018, 2020]
BMW	5 Series,102,4495.0,88535.0,37208,[2007, 2008, 2011, 2012, 2013, 2014, 2015, 2016, 2017, 2018, 2019, 2020, 2021]
BMW	5 Series Gran Turismo,6,23900.0,32995.0,27863,[2017]
BMW	6 Series,15,22995.0,69988.0,31894,[2013, 2014, 2015, 2016, 2017, 2018]
BMW	6 Series Gran Turismo,1,37995.0,37995.0,37995,[2018]
BMW	7 Series,26,16495.0,113995.0,62599,[2011, 2013, 2015, 2017, 2018, 2020, 2021]
BMW	8 Series,6,96145.0,123045.0,113470,[2020, 2021]
BMW	M2,3,41800.0,61095.0,53565,[2018, 2020, 2021]
BMW	M3,9,19995.0,53800.0,36495,[2003, 2005, 2006, 2008, 2011, 2017, 2018]
BMW	M4,11,40495.0,86795.0,52002,[2015, 2016, 2017, 2018, 2019, 2020]
BMW	M5,7,31995.0,118995.0,75584,[2012, 2016, 2018, 2019, 2021]
BMW	M6,4,20995.0,57800.0,41647,[2009, 2014, 2017]
BMW	M8,9,147195.0,157195.0,153811,[2020, 2021]
BMW	X1,42,11500.0,43745.0,32385,[2014, 2016, 2017, 2018, 2020, 2021]
BMW	X2,15,38988.0,46230.0,43352,[2020, 2021]
BMW	X3,70,7500.0,56895.0,34961,[2007, 2013, 2014, 2015, 2016, 2017, 2018, 2019, 2020, 2021]
BMW	X3 M,4,66800.0,80545.0,75896,[2020]
BMW	X4,13,22786.0,67895.0,43467,[2015, 2016, 2017, 2018, 2021]
BMW	X4 M,2,73900.0,86495.0,80197,[2020]
BMW	X5,83,3800.0,103195.0,46316,[2006, 2009, 2010, 2011, 2012, 2013, 2014, 2015, 2016, 2017, 2018, 2019, 2020, 2021]
BMW	X5 M,8,20995.0,123795.0,92813,[2012, 2017, 2020, 2021]
BMW	X6,15,16895.0,95095.0,45042,[2009, 2013, 2014, 2016, 2017, 2018, 2019, 2020, 2021]
BMW	X6 M,2,25495.0,26995.0,26245,[2011, 2013]
BMW	X7,17,63995.0,115045.0,87116,[2019, 2020, 2021]
BMW	Z4,1,65845.0,65845.0,65845,[2020]
BMW	i3,8,11995.0,29998.0,19307,[2014, 2015, 2016, 2017, 2018, 2019]
BMW	i8,4,48995.0,94800.0,68922,[2015, 2019]
Bentley	Bentayga,2,131800.0,159990.0,145895,[2018, 2019]
Bentley	Continental GT,2,71995.0,114995.0,93495,[2013, 2016]
Bentley	Continental GTC,2,52995.0,62985.0,57990,[2007, 2008]
Bentley	Mulsanne,1,107995.0,107995.0,107995,[2012]
Buick	Cascada,1,23000.0,23000.0,23000,[2017]
Buick	Enclave,12,10595.0,51275.0,23985,[2011, 2014, 2016, 2017, 2018, 2019, 2020]
Buick	Encore,11,10990.0,20987.0,16826,[2013, 2014, 2016, 2017, 2018, 2019]
Buick	Envision,6,20995.0,46995.0,31365,[2017, 2020]
Buick	LaCrosse,4,5999.0,29000.0,19497,[2010, 2017]
Buick	Lucerne,2,3999.0,5499.0,4749,[2007, 2008]
Buick	Regal,4,12941.0,21250.0,17096,[2014, 2016, 2017]
Buick	Verano,2,11495.0,18500.0,14997,[2016, 2017]
Cadillac	ATS,6,15995.0,25439.0,19149,[2014, 2016, 2017]
Cadillac	CT4,5,37199.0,46901.0,42688,[2020]
Cadillac	CT5,10,40357.0,53158.0,46768,[2020]
Cadillac	CT6,2,31990.0,55439.0,43714,[2017, 2020]
Cadillac	CTS,12,4999.0,51268.0,24663,[2008, 2011, 2012, 2017, 2019]
Cadillac	CTS Coupe,2,8899.0,14999.0,11949,[2011]
Cadillac	CTS-V,1,45949.0,45949.0,45949,[2013]
Cadillac	DTS,4,3999.0,9990.0,6434,[2006, 2008]
Cadillac	ELR,1,18950.0,18950.0,18950,[2014]
Cadillac	Eldorado,1,4995.0,4995.0,4995,[2000]
Cadillac	Escalade,13,17495.0,87908.0,50594,[2010, 2011, 2015, 2016, 2017, 2018, 2019, 2020]
Cadillac	Escalade ESV,15,6999.0,86573.0,48177,[2007, 2010, 2012, 2014, 2016, 2018, 2019, 2020]
Cadillac	Escalade EXT,1,13995.0,13995.0,13995,[2007]
Cadillac	SRX,12,2497.0,25497.0,11562,[2004, 2008, 2010, 2011, 2012, 2013, 2014, 2016]
Cadillac	STS,1,4899.0,4899.0,4899,[2007]
Cadillac	XT4,9,31339.0,46896.0,40496,[2019, 2020]
Cadillac	XT5,23,21995.0,52776.0,35765,[2017, 2018, 2019, 2020]
Cadillac	XT6,18,50597.0,59528.0,54722,[2020]
Cadillac	XTS,7,11900.0,29900.0,21922,[2013, 2014, 2016, 2018, 2019]
Chevrolet	Avalanche,2,14985.0,28888.0,21936,[2013]
Chevrolet	Blazer,11,7990.0,47291.0,34478,[1999, 2019, 2020]
Chevrolet	Bolt EV,2,34010.0,34010.0,34010,[2020]
Chevrolet	C/K 1500,1,2899.0,2899.0,2899,[1997]
Chevrolet	Camaro,19,11900.0,38336.0,25200,[2010, 2012, 2013, 2014, 2015, 2016, 2017, 2018, 2019, 2020]
Chevrolet	Caprice,1,4999.0,4999.0,4999,[1993]
Chevrolet	Cobalt,2,2499.0,2995.0,2747,[2005, 2008]
Chevrolet	Colorado,36,4199.0,39488.0,24043,[2005, 2006, 2007, 2011, 2015, 2016, 2017, 2018, 2020, 2021]
Chevrolet	Corvette,8,12997.0,41288.0,23789,[2001, 2002, 2006, 2008, 2013]
Chevrolet	Cruze,43,4900.0,18000.0,11058,[2011, 2012, 2013, 2014, 2015, 2016, 2017, 2018, 2019]
Chevrolet	Cruze Limited,2,8495.0,10900.0,9697,[2016]
Chevrolet	El Camino,1,9250.0,9250.0,9250,[1978]
Chevrolet	Equinox,217,3099.0,33442.0,22479,[2005, 2007, 2010, 2011, 2012, 2013, 2014, 2015, 2016, 2017, 2018, 2019, 2020]
Chevrolet	Express,7,10800.0,25000.0,17897,[2010, 2012, 2014, 2018, 2019]
Chevrolet	Express Cargo,7,9800.0,36580.0,18162,[2009, 2011, 2014, 2015, 2016, 2019, 2020]
Chevrolet	HHR,3,2995.0,5480.0,4125,[2007, 2009]
Chevrolet	Impala,23,2499.0,21995.0,11318,[2000, 2001, 2006, 2007, 2008, 2010, 2011, 2012, 2013, 2015, 2016, 2017, 2018, 2019]
Chevrolet	Impala Limited,3,6995.0,10055.0,8500,[2014, 2016]
Chevrolet	Malibu,44,2999.0,25875.0,15572,[2006, 2009, 2014, 2015, 2016, 2017, 2018, 2019, 2020]
Chevrolet	Malibu Maxx,2,1500.0,2995.0,2247,[2004, 2005]
Chevrolet	Silverado 1500,88,3800.0,53500.0,29584,[1999, 2003, 2004, 2005, 2006, 2007, 2008, 2009, 2010, 2011, 2012, 2013, 2016, 2017, 2018, 2019, 2020]
Chevrolet	Silverado 2500HD,12,6499.0,77744.0,33904,[2002, 2009, 2010, 2013, 2016, 2017, 2019, 2020]
Chevrolet	Silverado 3500,1,12995.0,12995.0,12995,[2003]
Chevrolet	Silverado 3500HD,3,34900.0,51288.0,45649,[2016, 2018, 2019]
Chevrolet	Silverado Classic 1500,1,2999.0,2999.0,2999,[2007]
Chevrolet	Silverado Classic 2500HD,1,11900.0,11900.0,11900,[2007]
Chevrolet	Silverado Classic 3500,1,12995.0,12995.0,12995,[2007]
Chevrolet	Sonic,4,6495.0,18139.0,9589,[2015, 2020]
Chevrolet	Spark,1,7975.0,7975.0,7975,[2015]
Chevrolet	Suburban,37,8199.0,54000.0,35756,[2009, 2011, 2012, 2013, 2014, 2015, 2016, 2017, 2018, 2019, 2020]
Chevrolet	Tahoe,37,3199.0,65945.0,34339,[2005, 2007, 2008, 2009, 2010, 2011, 2013, 2014, 2015, 2016, 2017, 2019, 2020, 2021]
Chevrolet	Tahoe Hybrid,1,10000.0,10000.0,10000,[2008]
Chevrolet	Trailblazer,5,1499.0,27995.0,16716,[2002, 2005, 2021]
Chevrolet	Traverse,68,5900.0,41345.0,25385,[2011, 2012, 2013, 2015, 2016, 2017, 2018, 2020]
Chevrolet	Trax,43,10495.0,23247.0,20022,[2015, 2016, 2017, 2018, 2019, 2020, 2021]
Chevrolet	Volt,8,8995.0,22500.0,15703,[2011, 2015, 2017]
Chrysler	200,11,3599.0,13500.0,9592,[2013, 2014, 2015, 2016]
Chrysler	300,21,3599.0,38126.0,22598,[2006, 2009, 2010, 2014, 2017, 2018, 2019, 2020]
Chrysler	New Yorker,1,2999.0,2999.0,2999,[1989]
Chrysler	PT Cruiser,2,2250.0,4999.0,3624,[2002, 2006]
Chrysler	Pacifica,49,16950.0,40479.0,28200,[2017, 2018, 2019, 2020]
Chrysler	Sebring,1,6995.0,6995.0,6995,[2010]
Chrysler	Town & Country,19,2999.0,26900.0,9371,[2004, 2007, 2008, 2009, 2010, 2011, 2012, 2013, 2014, 2015, 2016]
Chrysler	Voyager,5,25679.0,32780.0,28559,[2020]
Dodge	Avenger,3,3995.0,7495.0,5746,[2012, 2013, 2014]
Dodge	Challenger,46,9900.0,94575.0,35530,[2009, 2010, 2012, 2013, 2015, 2016, 2017, 2018, 2019, 2020]
Dodge	Charger,64,7990.0,69900.0,31080,[2010, 2012, 2013, 2015, 2016, 2017, 2018, 2019, 2020]
Dodge	Dakota,8,2799.0,7995.0,5460,[2002, 2003, 2004, 2006, 2007, 2009]
Dodge	Durango,109,1595.0,56995.0,32689,[2000, 2008, 2011, 2012, 2013, 2014, 2015, 2016, 2017, 2018, 2019, 2020]
Dodge	Grand Caravan,27,2250.0,29980.0,11867,[2004, 2006, 2008, 2009, 2010, 2012, 2014, 2016, 2017, 2018, 2019]
Dodge	Journey,23,3699.0,25339.0,16278,[2010, 2011, 2013, 2014, 2015, 2016, 2017, 2018, 2019, 2020]
Dodge	Magnum,1,4499.0,4499.0,4499,[2007]
Dodge	Nitro,1,7999.0,7999.0,7999,[2011]
Dodge	RAM 1500,8,4399.0,18993.0,7871,[2004, 2005, 2007, 2008, 2009, 2010]
Dodge	RAM 2500,4,4899.0,24985.0,12093,[2004, 2005, 2006, 2010]
Dodge	RAM 3500,3,10995.0,22995.0,17328,[2002, 2005, 2007]
Dodge	Stratus,1,1999.0,1999.0,1999,[2004]
FIAT	124 Spider,2,18999.0,21116.0,20057,[2017, 2018]
FIAT	500,2,5900.0,10495.0,8197,[2013]
Ferrari	458 Italia,1,139995.0,139995.0,139995,[2010]
Ferrari	California T,1,129714.0,129714.0,129714,[2015]
Ferrari	F430,1,79800.0,79800.0,79800,[2005]
Fisker	Karma,1,33800.0,33800.0,33800,[2012]
Ford	C-Max Energi,2,13995.0,16030.0,15012,[2017]
Ford	C-Max Hybrid,3,6499.0,18275.0,14053,[2013, 2018]
Ford	E-Series,14,3499.0,15995.0,9974,[2003, 2005, 2006, 2007, 2008, 2009, 2011, 2012, 2014]
Ford	EcoSport,132,17895.0,31540.0,24076,[2018, 2019, 2020]
Ford	Edge,146,2999.0,47178.0,30038,[2007, 2008, 2009, 2010, 2011, 2012, 2013, 2014, 2015, 2016, 2017, 2018, 2019, 2020]
Ford	Escape,223,1999.0,39362.0,23512,[2005, 2009, 2010, 2011, 2012, 2013, 2014, 2015, 2016, 2017, 2018, 2019, 2020]
Ford	Escape Hybrid,16,7499.0,36306.0,30532,[2009, 2020]
Ford	Excursion,1,10995.0,10995.0,10995,[2003]
Ford	Expedition,23,4700.0,76810.0,51475,[2003, 2007, 2008, 2018, 2019, 2020]
Ford	Explorer,151,2999.0,58680.0,31586,[2004, 2005, 2006, 2007, 2009, 2010, 2011, 2012, 2013, 2014, 2015, 2016, 2017, 2018, 2019, 2020]
Ford	Explorer Hybrid,1,55495.0,55495.0,55495,[2020]
Ford	F-150,220,2999.0,73795.0,36662,[2001, 2002, 2003, 2004, 2005, 2006, 2007, 2008, 2009, 2010, 2011, 2012, 2013, 2014, 2015, 2016, 2017, 2018, 2019, 2020]
Ford	F-250 Super Duty,37,5899.0,71500.0,36086,[1999, 2000, 2001, 2006, 2008, 2010, 2011, 2012, 2014, 2015, 2016, 2017, 2019, 2020]
Ford	F-350 Super Duty,23,11995.0,71969.0,43157,[2002, 2008, 2009, 2014, 2015, 2016, 2017, 2019, 2020]
Ford	F-350 Super Duty Chassis,7,16995.0,53980.0,35859,[2010, 2012, 2014, 2016, 2020]
Ford	F-450 Super Duty,4,12800.0,78900.0,44623,[2007, 2011, 2018, 2019]
Ford	F-550 Super Duty Chassis,5,9900.0,19995.0,15676,[2003, 2007, 2008, 2009]
Ford	Fiesta,4,5999.0,13972.0,9240,[2014, 2015, 2018]
Ford	Five Hundred,1,3495.0,3495.0,3495,[2006]
Ford	Flex,8,6499.0,29995.0,17578,[2009, 2012, 2013, 2014, 2015, 2017, 2019]
Ford	Focus,30,1999.0,16200.0,7985,[2004, 2005, 2006, 2007, 2008, 2009, 2010, 2011, 2012, 2013, 2015, 2016, 2017]
Ford	Focus Electric,1,12995.0,12995.0,12995,[2017]
Ford	Focus RS,1,29990.0,29990.0,29990,[2016]
Ford	Fusion,292,3995.0,36892.0,22806,[2009, 2010, 2012, 2013, 2014, 2015, 2016, 2017, 2018, 2019, 2020]
Ford	Fusion Energi,15,10990.0,35635.0,30117,[2013, 2017, 2018, 2020]
Ford	Fusion Hybrid,39,5495.0,33885.0,22429,[2010, 2017, 2018, 2019, 2020]
Ford	Mustang,42,4499.0,49105.0,26527,[1987, 2006, 2007, 2008, 2012, 2014, 2015, 2016, 2017, 2018, 2019, 2020]
Ford	Mustang Shelby GT350,3,47990.0,54800.0,50896,[2016, 2018]
Ford	Mustang Shelby GT500,1,39990.0,39990.0,39990,[2011]
Ford	Ranger,27,2899.0,47800.0,23578,[2001, 2002, 2003, 2004, 2005, 2007, 2009, 2011, 2019, 2020]
Ford	Taurus,11,2250.0,26995.0,11028,[2002, 2003, 2009, 2011, 2013, 2014, 2015, 2017]
Ford	Transit Cargo,10,13900.0,42605.0,32855,[2015, 2016, 2018, 2019, 2020]
Ford	Transit Connect,38,4999.0,31785.0,24028,[2011, 2012, 2015, 2017, 2018, 2019, 2020]
Ford	Transit Crew,2,46705.0,49575.0,48140,[2020]
Ford	Transit Passenger,21,21625.0,49185.0,37427,[2016, 2017, 2018, 2019, 2020]
GMC	Acadia,26,9000.0,49474.0,22660,[2011, 2012, 2013, 2014, 2015, 2016, 2017, 2018, 2020]
GMC	Canyon,12,3999.0,43482.0,22771,[2004, 2005, 2007, 2008, 2010, 2015, 2017, 2018, 2020]
GMC	Envoy,2,3995.0,6490.0,5242,[2002, 2007]
GMC	Savana,2,14997.0,17995.0,16496,[2011, 2013]
GMC	Savana Cargo,3,4999.0,36831.0,17075,[2005, 2011, 2020]
GMC	Sierra 1500,25,7900.0,61440.0,33419,[2006, 2008, 2011, 2013, 2015, 2016, 2017, 2018, 2019, 2020]
GMC	Sierra 2500HD,9,16999.0,78500.0,38094,[2005, 2009, 2010, 2013, 2015, 2018, 2020]
GMC	Sierra 3500HD,2,59924.0,66526.0,63225,[2019]
GMC	Suburban,1,4649.0,4649.0,4649,[1999]
GMC	Terrain,36,5999.0,36460.0,22168,[2010, 2011, 2012, 2013, 2015, 2016, 2017, 2018, 2019, 2020]
GMC	Yukon,7,7995.0,73999.0,42921,[2008, 2010, 2017, 2020]
GMC	Yukon XL,19,10995.0,59743.0,38964,[2007, 2010, 2016, 2017, 2018, 2019, 2020]
Genesis	G70,17,36491.0,51870.0,44423,[2019, 2020, 2021]
Genesis	G80,17,24495.0,61345.0,43617,[2017, 2018, 2019, 2020]
Genesis	G90,3,34991.0,72845.0,47875,[2017, 2019]
Honda	Accord,75,2495.0,25295.0,14398,[2004, 2005, 2006, 2007, 2008, 2009, 2010, 2012, 2013, 2014, 2015, 2016, 2017, 2018, 2019]
Honda	Accord Coupe,8,1499.0,19888.0,8365,[2002, 2003, 2005, 2006, 2012, 2017]
Honda	Accord Hybrid,1,21781.0,21781.0,21781,[2018]
Honda	CR-V,55,2899.0,27999.0,14260,[2003, 2005, 2007, 2008, 2009, 2010, 2011, 2012, 2013, 2014, 2015, 2016, 2017, 2019]
Honda	CR-Z,3,8995.0,14990.0,11326,[2011, 2015, 2016]
Honda	Civic,62,999.0,21990.0,12330,[1996, 2004, 2006, 2007, 2008, 2009, 2010, 2011, 2012, 2013, 2014, 2015, 2016, 2017, 2018, 2019]
Honda	Civic Coupe,10,1999.0,17995.0,7226,[2003, 2006, 2007, 2008, 2010, 2012, 2013, 2017]
Honda	Civic Hatchback,4,15995.0,19380.0,17164,[2017, 2018]
Honda	Clarity Hybrid Plug-In ,1,21995.0,21995.0,21995,[2019]
Honda	Crosstour,1,11950.0,11950.0,11950,[2013]
Honda	Element,4,4999.0,9995.0,6923,[2004, 2009, 2011]
Honda	Fit,10,1699.0,14995.0,7266,[2007, 2008, 2009, 2011, 2017, 2018]
Honda	HR-V,17,13599.0,20995.0,17807,[2016, 2017, 2018, 2019]
Honda	Odyssey,33,2995.0,34250.0,14596,[2003, 2006, 2007, 2008, 2009, 2010, 2011, 2012, 2013, 2014, 2016, 2017, 2018, 2019]
Honda	Passport,1,37491.0,37491.0,37491,[2019]
Honda	Pilot,49,2750.0,37495.0,18246,[2004, 2005, 2006, 2007, 2009, 2010, 2011, 2012, 2013, 2014, 2015, 2016, 2017, 2019, 2020]
Honda	Ridgeline,3,5399.0,6999.0,6199,[2006, 2007, 2008]
Hummer	H3,2,9900.0,11995.0,10947,[2007, 2008]
Hyundai	Accent,15,2995.0,17902.0,10938,[2008, 2010, 2013, 2014, 2015, 2016, 2017, 2019, 2020, 2021]
Hyundai	Azera,1,6689.0,6689.0,6689,[2006]
Hyundai	Elantra,136,3995.0,27605.0,14544,[2007, 2008, 2009, 2010, 2011, 2012, 2013, 2014, 2015, 2016, 2017, 2018, 2019, 2020]
Hyundai	Elantra GT,8,8223.0,21925.0,16956,[2013, 2014, 2018, 2020]
Hyundai	Elantra Touring,4,1999.0,8030.0,6252,[2009, 2011, 2012]
Hyundai	Genesis,3,18050.0,21995.0,20314,[2015, 2016]
Hyundai	Genesis Coupe,2,17900.0,22900.0,20400,[2014, 2016]
Hyundai	Ioniq Electric,17,12991.0,39890.0,35177,[2017, 2019, 2020]
Hyundai	Ioniq Hybrid,11,14888.0,32920.0,25728,[2017, 2020]
Hyundai	Ioniq Hybrid Plug-In ,2,22991.0,30545.0,26768,[2019]
Hyundai	Kona,75,17497.0,31410.0,26762,[2018, 2019, 2020, 2021]
Hyundai	Kona Electric,10,41568.0,47105.0,44333,[2019, 2020]
Hyundai	Palisade,12,38070.0,49087.0,43585,[2020, 2021]
Hyundai	Santa Fe,67,3599.0,41500.0,29039,[2007, 2008, 2012, 2013, 2017, 2018, 2019, 2020]
Hyundai	Santa Fe Sport,45,9995.0,28491.0,17521,[2013, 2014, 2015, 2016, 2017, 2018]
Hyundai	Santa Fe XL,1,21308.0,21308.0,21308,[2019]
Hyundai	Sonata,184,1999.0,35060.0,23537,[2005, 2006, 2011, 2012, 2013, 2014, 2015, 2016, 2017, 2018, 2019, 2020]
Hyundai	Sonata Hybrid,6,8995.0,29480.0,18094,[2014, 2015, 2017, 2019, 2020]
Hyundai	Sonata Hybrid Plug-In ,4,34540.0,40170.0,35958,[2019]
Hyundai	Tucson,270,3995.0,35355.0,23789,[2008, 2012, 2013, 2014, 2015, 2016, 2017, 2018, 2019, 2020, 2021]
Hyundai	Veloster,8,5999.0,20591.0,16250,[2012, 2017, 2019, 2020]
Hyundai	Veloster N,1,31080.0,31080.0,31080,[2020]
Hyundai	Veloster Turbo,1,11887.0,11887.0,11887,[2016]
Hyundai	Venue,12,18720.0,23250.0,20647,[2020]
INFINITI	EX35,1,5750.0,5750.0,5750,[2010]
INFINITI	FX35,2,8990.0,12995.0,10992,[2005, 2011]
INFINITI	G35,3,2899.0,7499.0,5465,[2005, 2006, 2007]
INFINITI	G37,7,9999.0,15977.0,12564,[2008, 2011, 2013]
INFINITI	M37,3,10146.0,11995.0,11373,[2011, 2012, 2013]
INFINITI	Q40,1,16495.0,16495.0,16495,[2015]
INFINITI	Q50,25,15990.0,37400.0,24406,[2015, 2017, 2018, 2019, 2020]
INFINITI	Q60,9,24542.0,38249.0,29474,[2014, 2015, 2017, 2018]
INFINITI	Q70,1,24550.0,24550.0,24550,[2016]
INFINITI	Q70L,1,24988.0,24988.0,24988,[2017]
INFINITI	QX30,5,20895.0,23997.0,22275,[2017, 2018]
INFINITI	QX50,4,14995.0,25488.0,19298,[2015, 2016, 2017]
INFINITI	QX56,3,11495.0,22995.0,17395,[2007, 2011, 2012]
INFINITI	QX60,12,18495.0,36995.0,27229,[2014, 2016, 2017, 2018, 2019]
INFINITI	QX60 Hybrid,1,14995.0,14995.0,14995,[2014]
INFINITI	QX70,3,27800.0,29995.0,28565,[2016, 2017]
INFINITI	QX80,9,20995.0,51995.0,36794,[2014, 2017, 2019]
Jaguar	E-PACE,3,60743.0,65375.0,63059,[2020]
Jaguar	F-PACE,10,27795.0,41995.0,31912,[2017, 2018, 2019]
Jaguar	F-TYPE,1,36495.0,36495.0,36495,[2017]
Jaguar	S-TYPE,1,5999.0,5999.0,5999,[2000]
Jaguar	X-TYPE,1,2999.0,2999.0,2999,[2003]
Jaguar	XE,1,18995.0,18995.0,18995,[2017]
Jaguar	XF,2,20995.0,24895.0,22945,[2016, 2017]
Jaguar	XJ-Series,3,6999.0,30995.0,20329,[1999, 2013, 2016]
Jeep	Cherokee,107,11700.0,39275.0,26279,[2014, 2015, 2016, 2017, 2018, 2019, 2020, 2021]
Jeep	Commander,1,4999.0,4999.0,4999,[2008]
Jeep	Compass,179,3999.0,32983.0,25440,[2011, 2012, 2014, 2015, 2016, 2017, 2018, 2019, 2020, 2021]
Jeep	Gladiator,12,37098.0,58127.0,46424,[2020, 2021]
Jeep	Grand Cherokee,299,2499.0,79995.0,28365,[2000, 2001, 2004, 2005, 2006, 2007, 2008, 2009, 2010, 2011, 2012, 2013, 2014, 2015, 2016, 2017, 2018, 2019, 2020]
Jeep	Liberty,14,2500.0,11888.0,6617,[2002, 2004, 2005, 2007, 2010, 2011, 2012]
Jeep	Patriot,15,5900.0,16995.0,10755,[2010, 2011, 2013, 2014, 2015, 2016, 2017]
Jeep	Renegade,71,10595.0,31221.0,22745,[2015, 2016, 2017, 2019, 2020]
Jeep	Wrangler,14,11695.0,37173.0,22830,[2004, 2010, 2011, 2013, 2014, 2015, 2018, 2020]
Jeep	Wrangler Unlimited,108,12499.0,88500.0,35301,[2007, 2008, 2009, 2010, 2011, 2012, 2013, 2014, 2015, 2016, 2017, 2018, 2019, 2020, 2021]
Kia	Amanti,1,2899.0,2899.0,2899,[2004]
Kia	Cadenza,4,20308.0,32572.0,25791,[2016, 2017, 2019]
Kia	Forte,50,3999.0,23210.0,15887,[2010, 2012, 2014, 2015, 2017, 2018, 2019, 2020]
Kia	Forte Koup,1,5895.0,5895.0,5895,[2013]
Kia	Forte5,3,3199.0,14987.0,9060,[2011, 2017]
Kia	K5,9,24610.0,28110.0,25591,[2021]
Kia	Niro,20,15500.0,28675.0,22848,[2017, 2018, 2020]
Kia	Niro EV,1,34995.0,34995.0,34995,[2019]
Kia	Niro Hybrid Plug-In,2,32595.0,34545.0,33570,[2020]
Kia	Optima,61,7500.0,30350.0,16377,[2012, 2013, 2014, 2015, 2016, 2017, 2018, 2019, 2020]
Kia	Optima Hybrid,1,9495.0,9495.0,9495,[2013]
Kia	Optima Hybrid Plug-In ,1,16495.0,16495.0,16495,[2017]
Kia	Rio,3,8495.0,15604.0,12427,[2016, 2019, 2020]
Kia	Rio5,5,8895.0,17181.0,14767,[2015, 2018, 2020]
Kia	Sedona,35,3999.0,31080.0,24885,[2009, 2010, 2015, 2016, 2017, 2018, 2019, 2020, 2021]
Kia	Seltos,11,23240.0,29485.0,26016,[2021]
Kia	Sorento,69,5399.0,41045.0,21720,[2011, 2013, 2014, 2015, 2016, 2017, 2018, 2019, 2020]
Kia	Soul,56,4450.0,26075.0,16540,[2013, 2014, 2015, 2016, 2017, 2018, 2019, 2020, 2021]
Kia	Soul EV,2,13000.0,13000.0,13000,[2016, 2017]
Kia	Sportage,118,3995.0,35895.0,24600,[2007, 2011, 2014, 2015, 2016, 2017, 2018, 2019, 2020, 2021]
Kia	Stinger,8,21495.0,45736.0,36593,[2018, 2019, 2020]
Kia	Telluride,13,35995.0,48080.0,43245,[2020, 2021]
Lamborghini	Huracan,1,169950.0,169950.0,169950,[2018]
Land Rover	Defender,1,64615.0,64615.0,64615,[2020]
Land Rover	Discovery,12,62020.0,80380.0,68868,[2020]
Land Rover	Discovery Sport,24,20995.0,75899.0,48747,[2016, 2017, 2019, 2020]
Land Rover	LR2,1,14495.0,14495.0,14495,[2013]
Land Rover	LR4,3,12999.0,33999.0,23997,[2012, 2015, 2016]
Land Rover	Range Rover,9,31995.0,119590.0,67942,[2013, 2014, 2015, 2016, 2017, 2020]
Land Rover	Range Rover Evoque,24,23995.0,84399.0,50660,[2016, 2017, 2020]
Land Rover	Range Rover Hybrid,2,101737.0,107750.0,104743,[2020]
Land Rover	Range Rover Sport,26,6999.0,135465.0,50175,[2007, 2009, 2011, 2012, 2014, 2015, 2016, 2017, 2018, 2020]
Land Rover	Range Rover Velar,11,51600.0,97525.0,71740,[2018, 2020]
Lexus	CT Hybrid,1,8995.0,8995.0,8995,[2013]
Lexus	ES,1,36995.0,36995.0,36995,[2019]
Lexus	ES 300,2,1999.0,2455.0,2227,[2002, 2003]
Lexus	ES 350,24,7995.0,31995.0,23997,[2007, 2009, 2011, 2012, 2015, 2016, 2017, 2018]
Lexus	GS 350,7,10995.0,36138.0,25269,[2008, 2015, 2016, 2017, 2018]
Lexus	GX,10,16495.0,53900.0,37704,[2010, 2012, 2016, 2017, 2018, 2019]
Lexus	IS,8,23199.0,30985.0,28702,[2016, 2017]
Lexus	IS 250,7,4900.0,15795.0,8419,[2006, 2008, 2009, 2010, 2014]
Lexus	IS 350,2,15999.0,23995.0,19997,[2014, 2016]
Lexus	LC,1,64995.0,64995.0,64995,[2018]
Lexus	LS 460,3,26000.0,41995.0,32328,[2014, 2017]
Lexus	LS 500,1,52995.0,52995.0,52995,[2018]
Lexus	LX 470,1,16985.0,16985.0,16985,[2007]
Lexus	LX 570,1,66900.0,66900.0,66900,[2017]
Lexus	NX,4,31886.0,33876.0,32989,[2018, 2019]
Lexus	NX 200t,10,22375.0,32775.0,28350,[2015, 2016, 2017]
Lexus	RC 350,1,32000.0,32000.0,32000,[2018]
Lexus	RX,4,35658.0,41500.0,38762,[2018, 2019]
Lexus	RX 300,1,3499.0,3499.0,3499,[1999]
Lexus	RX 330,2,6749.0,7185.0,6967,[2004, 2005]
Lexus	RX 350,35,8399.0,37995.0,31365,[2009, 2010, 2012, 2013, 2015, 2016, 2017]
Lexus	RX 400h,1,10885.0,10885.0,10885,[2008]
Lexus	RX Hybrid,3,34995.0,43995.0,39661,[2017, 2018]
Lexus	SC 430,1,8491.0,8491.0,8491,[2002]
Lincoln	Aviator,17,60187.0,85343.0,74422,[2020]
Lincoln	Continental,19,19900.0,89625.0,38731,[2017, 2018, 2019, 2020]
Lincoln	Corsair,50,40057.0,56364.0,44658,[2020]
Lincoln	MKC,21,21991.0,29899.0,25082,[2017, 2018]
Lincoln	MKS,5,5199.0,14900.0,10057,[2009, 2014, 2015]
Lincoln	MKT,5,11900.0,48573.0,23634,[2016, 2017, 2018, 2019]
Lincoln	MKX,16,15893.0,31875.0,25400,[2014, 2016, 2017, 2018]
Lincoln	MKZ,88,2999.0,50052.0,36559,[2007, 2016, 2017, 2018, 2019, 2020]
Lincoln	MKZ Hybrid,3,9995.0,14782.0,12389,[2013, 2014, 2017]
Lincoln	Mark VIII,1,27995.0,27995.0,27995,[1998]
Lincoln	Nautilus,50,35995.0,64269.0,51167,[2019, 2020]
Lincoln	Navigator,17,8995.0,93190.0,62315,[2007, 2008, 2015, 2017, 2018, 2019, 2020]
Lincoln	Town Car,4,2500.0,9885.0,5596,[1993, 2003, 2008, 2009]
Lincoln	Zephyr,1,3499.0,3499.0,3499,[2006]
MINI	Cooper,5,5999.0,15995.0,10915,[2009, 2010, 2013, 2015]
MINI	Cooper Clubman,1,17477.0,17477.0,17477,[2017]
MINI	Countryman,3,11495.0,24505.0,17831,[2012, 2016, 2017]
Maserati	Ghibli,12,28995.0,42995.0,35157,[2015, 2017]
Maserati	GranTurismo,2,35000.0,35691.0,35345,[2010, 2011]
Maserati	Levante,4,34895.0,47995.0,43470,[2017, 2018]
Maserati	Quattroporte,2,22899.0,30995.0,26947,[2008, 2015]
Mazda	CX-3,25,13800.0,29295.0,20318,[2017, 2018, 2019, 2020]
Mazda	CX-30,10,24465.0,31625.0,28350,[2020]
Mazda	CX-5,213,7703.0,37520.0,26217,[2013, 2014, 2015, 2016, 2017, 2018, 2019, 2020]
Mazda	CX-9,36,8495.0,53095.0,30629,[2009, 2010, 2011, 2012, 2013, 2015, 2016, 2017, 2018, 2019, 2020]
Mazda	MAZDA3,70,2900.0,32595.0,19210,[2005, 2007, 2008, 2010, 2011, 2013, 2014, 2015, 2016, 2017, 2018, 2019, 2020, 2021]
Mazda	MAZDA5,3,2899.0,5499.0,4031,[2007, 2008, 2009]
Mazda	MAZDA6,27,3699.0,37140.0,21771,[2011, 2014, 2016, 2017, 2018, 2019, 2020]
Mazda	MX-5 Miata,4,22485.0,36355.0,32617,[2016, 2020]
Mazda	RX-8,1,9899.0,9899.0,9899,[2005]
Mercedes-Benz	A-Class,5,21950.0,30800.0,27909,[2019]
Mercedes-Benz	AMG GT,3,71800.0,89900.0,78898,[2016, 2017, 2019]
Mercedes-Benz	B-Class,1,15995.0,15995.0,15995,[2017]
Mercedes-Benz	C-Class,78,2499.0,76200.0,24080,[2002, 2005, 2006, 2007, 2010, 2011, 2012, 2013, 2014, 2015, 2016, 2017, 2018, 2019, 2020]
Mercedes-Benz	CLA-Class,11,13999.0,32995.0,22331,[2014, 2015, 2016, 2017, 2018, 2020]
Mercedes-Benz	CLS-Class,8,8999.0,74800.0,41234,[2006, 2008, 2014, 2015, 2017, 2019, 2020]
Mercedes-Benz	E-Class,66,3999.0,77600.0,29064,[2005, 2008, 2009, 2011, 2012, 2013, 2014, 2015, 2016, 2017, 2018, 2019]
Mercedes-Benz	G-Class,8,25995.0,207900.0,87321,[2003, 2014, 2015, 2017, 2020]
Mercedes-Benz	GL-Class,9,14990.0,31995.0,20704,[2012, 2013, 2014, 2015]
Mercedes-Benz	GLA-Class,16,15495.0,35995.0,24191,[2015, 2016, 2017, 2018, 2020]
Mercedes-Benz	GLB-Class,1,37995.0,37995.0,37995,[2020]
Mercedes-Benz	GLC-Class,27,22000.0,64800.0,33531,[2016, 2017, 2018, 2019]
Mercedes-Benz	GLE-Class,44,23695.0,78800.0,37897,[2016, 2017, 2018, 2019, 2020]
Mercedes-Benz	GLK-Class,11,8990.0,29995.0,15617,[2010, 2012, 2014, 2015]
Mercedes-Benz	GLS-Class,25,29995.0,72800.0,41357,[2017, 2018, 2019, 2020]
Mercedes-Benz	M-Class,7,3750.0,21581.0,16755,[2004, 2013, 2014, 2015]
Mercedes-Benz	Metris,5,17995.0,24995.0,21095,[2016, 2017, 2018, 2019]
Mercedes-Benz	R-Class,2,9499.0,9499.0,9499,[2008, 2010]
Mercedes-Benz	S-Class,23,4499.0,79950.0,39929,[2000, 2008, 2009, 2010, 2012, 2013, 2014, 2015, 2016, 2017, 2018, 2019]
Mercedes-Benz	S-Class Coupe,2,48895.0,66950.0,57922,[2016]
Mercedes-Benz	SL-Class,9,8999.0,62995.0,38500,[1995, 2002, 2003, 2013, 2017]
Mercedes-Benz	SLC-Class,1,37995.0,37995.0,37995,[2017]
Mercedes-Benz	SLK-Class,1,22952.0,22952.0,22952,[2012]
Mercedes-Benz	Sprinter,1,24000.0,24000.0,24000,[2015]
Mercedes-Benz	Sprinter Cargo,5,16995.0,23899.0,20855,[2012, 2013, 2015, 2016]
Mercury	Grand Marquis,4,1850.0,3999.0,3087,[2001, 2002, 2005, 2009]
Mercury	Milan,3,5499.0,5999.0,5749,[2010]
Mitsubishi	Eclipse,1,1999.0,1999.0,1999,[2006]
Mitsubishi	Eclipse Cross,9,14995.0,23254.0,17731,[2018, 2019]
Mitsubishi	Endeavor,1,3199.0,3199.0,3199,[2010]
Mitsubishi	Galant,1,5999.0,5999.0,5999,[2009]
Mitsubishi	Lancer,2,2899.0,7490.0,5194,[2004, 2013]
Mitsubishi	Lancer Evolution,1,34995.0,34995.0,34995,[2015]
Mitsubishi	Mirage,2,7499.0,14498.0,10998,[2018, 2020]
Mitsubishi	Mirage G4,8,10216.0,15618.0,13932,[2019, 2020]
Mitsubishi	Outlander,9,4199.0,18973.0,12531,[2009, 2010, 2014, 2018, 2019]
Mitsubishi	Outlander Hybrid Plug-in ,1,34607.0,34607.0,34607,[2020]
Mitsubishi	Outlander Sport,17,12995.0,17618.0,16440,[2015, 2019]
Nissan	350Z,1,7999.0,7999.0,7999,[2004]
Nissan	Altima,79,1899.0,25995.0,13204,[2004, 2005, 2006, 2007, 2008, 2009, 2010, 2011, 2012, 2013, 2014, 2015, 2016, 2017, 2018, 2019, 2020]
Nissan	Altima Coupe,1,8990.0,8990.0,8990,[2009]
Nissan	Altima Hybrid,1,6999.0,6999.0,6999,[2011]
Nissan	Armada,7,8999.0,47995.0,27141,[2010, 2012, 2017, 2019]
Nissan	Cube,1,5300.0,5300.0,5300,[2010]
Nissan	Frontier,5,8495.0,25888.0,16773,[2007, 2011, 2013, 2017]
Nissan	Juke,1,8000.0,8000.0,8000,[2013]
Nissan	LEAF,3,9995.0,22995.0,18328,[2016, 2019]
Nissan	Maxima,26,999.0,31920.0,18786,[2001, 2012, 2016, 2017, 2018, 2020]
Nissan	Murano,20,899.0,25995.0,16379,[2004, 2007, 2009, 2010, 2011, 2015, 2016, 2017, 2019]
Nissan	NV Cargo,2,12800.0,15995.0,14397,[2014]
Nissan	NV200,1,8999.0,8999.0,8999,[2015]
Nissan	Pathfinder,26,4199.0,26999.0,18200,[2006, 2008, 2013, 2014, 2015, 2016, 2017, 2018, 2019, 2020]
Nissan	Quest,1,9800.0,9800.0,9800,[2012]
Nissan	Rogue,80,3995.0,23995.0,14849,[2008, 2009, 2010, 2011, 2012, 2013, 2014, 2015, 2016, 2017, 2018, 2019, 2020]
Nissan	Rogue Select,1,9499.0,9499.0,9499,[2015]
Nissan	Rogue Sport,11,13995.0,21900.0,17388,[2017, 2018, 2019]
Nissan	Sentra,38,2399.0,16999.0,11784,[2007, 2011, 2013, 2014, 2015, 2016, 2017, 2018, 2019]
Nissan	Titan,7,4199.0,34900.0,17083,[2004, 2005, 2011, 2016, 2018]
Nissan	Versa,10,1899.0,9902.0,4512,[2007, 2008, 2009, 2010, 2011, 2013, 2015, 2019]
Nissan	Versa Note,6,5400.0,10755.0,8627,[2015, 2016, 2017, 2019]
Nissan	Xterra,7,4999.0,19995.0,10773,[2007, 2009, 2010, 2011, 2014, 2015]
Pontiac	G8,1,29995.0,29995.0,29995,[2009]
Pontiac	Grand Prix,1,2499.0,2499.0,2499,[2004]
Pontiac	Vibe,1,3995.0,3995.0,3995,[2004]
Porsche	718 Cayman,1,49800.0,49800.0,49800,[2017]
Porsche	911,3,21675.0,132895.0,76521,[1999, 2014, 2016]
Porsche	944,1,10995.0,10995.0,10995,[1986]
Porsche	Boxster,1,36995.0,36995.0,36995,[2011]
Porsche	Cayenne,9,8999.0,69995.0,30406,[2008, 2012, 2013, 2014, 2016, 2017, 2019]
Porsche	Cayenne E-Hybrid,2,43995.0,76900.0,60447,[2017, 2019]
Porsche	Macan,6,25950.0,67900.0,43722,[2015, 2017, 2018, 2019]
Porsche	Panamera,5,26995.0,99800.0,53116,[2012, 2015, 2016, 2018]
Porsche	Panamera Hybrid,1,26995.0,26995.0,26995,[2013]
RAM	1500,104,13900.0,67580.0,36805,[2011, 2012, 2013, 2014, 2015, 2016, 2017, 2018, 2019, 2020]
RAM	2500,15,25985.0,66092.0,51646,[2011, 2017, 2018, 2020]
RAM	3500,5,25800.0,70370.0,53055,[2014, 2020]
RAM	5500 Chassis,2,39995.0,54563.0,47279,[2013, 2020]
RAM	ProMaster,9,15985.0,30029.0,23604,[2014, 2020]
RAM	ProMaster City,9,7777.0,23988.0,16693,[2015, 2016, 2017, 2019, 2020]
Saab	9-3,1,9990.0,9990.0,9990,[2011]
Saab	9-5,1,2500.0,2500.0,2500,[2004]
Saturn	ION,1,4499.0,4499.0,4499,[2004]
Saturn	Outlook,1,4995.0,4995.0,4995,[2009]
Saturn	VUE,1,5950.0,5950.0,5950,[2009]
Scion	iA,1,9995.0,9995.0,9995,[2016]
Scion	tC,1,9272.0,9272.0,9272,[2015]
Scion	xA,1,2499.0,2499.0,2499,[2004]
Scion	xD,1,5800.0,5800.0,5800,[2012]
Subaru	Ascent,14,26995.0,41207.0,32621,[2019, 2021]
Subaru	BRZ,3,14995.0,22888.0,19792,[2013, 2017]
Subaru	Crosstrek,26,12995.0,29014.0,22292,[2016, 2017, 2018, 2019, 2020, 2021]
Subaru	Crosstrek Hybrid,3,31995.0,32995.0,32328,[2019]
Subaru	Forester,56,2750.0,33954.0,15713,[2007, 2008, 2009, 2010, 2011, 2012, 2014, 2015, 2016, 2017, 2018, 2019, 2020]
Subaru	Impreza,37,1500.0,28465.0,15937,[2007, 2009, 2011, 2012, 2013, 2014, 2015, 2016, 2017, 2018, 2019, 2020]
Subaru	Impreza WRX,3,11495.0,16999.0,14831,[2005, 2013]
Subaru	Impreza WRX STI,1,19985.0,19985.0,19985,[2010]
Subaru	Legacy,29,4499.0,31241.0,18307,[2010, 2011, 2012, 2013, 2014, 2015, 2016, 2017, 2018, 2020]
Subaru	Outback,50,3099.0,38705.0,22557,[2006, 2007, 2009, 2010, 2011, 2012, 2015, 2016, 2017, 2018, 2019, 2020]
Subaru	WRX,13,19995.0,35886.0,24039,[2015, 2017, 2018, 2020]
Subaru	WRX STI,8,23995.0,46995.0,33089,[2016, 2017, 2018, 2019]
Subaru	XV Crosstrek,9,7999.0,16923.0,12752,[2013, 2014, 2015]
Suzuki	SX4,1,5999.0,5999.0,5999,[2007]
Tesla	Model 3,1,49895.0,49895.0,49895,[2019]
Tesla	Model S,6,35995.0,55995.0,47660,[2013, 2015, 2016, 2017]
Tesla	Model X,2,66999.0,82995.0,74997,[2016, 2018]
Toyota	4Runner,15,6250.0,45208.0,33294,[2005, 2008, 2011, 2015, 2016, 2017, 2018, 2019, 2020, 2021]
Toyota	86,1,30566.0,30566.0,30566,[2020]
Toyota	Avalon,7,1999.0,19995.0,12002,[2003, 2011, 2014, 2015, 2016, 2017]
Toyota	Avalon Hybrid,3,8995.0,38859.0,20449,[2014, 2020]
Toyota	C-HR,5,18990.0,26309.0,21021,[2018, 2020]
Toyota	Camry,72,2200.0,30900.0,12824,[1998, 2002, 2003, 2004, 2005, 2007, 2008, 2009, 2010, 2011, 2012, 2013, 2015, 2016, 2017, 2018, 2019, 2020]
Toyota	Camry Hybrid,12,3899.0,30814.0,20906,[2007, 2008, 2012, 2014, 2017, 2020]
Toyota	Camry Solara,1,7995.0,7995.0,7995,[2007]
Toyota	Corolla,51,2987.0,20733.0,13113,[2004, 2005, 2007, 2008, 2009, 2010, 2011, 2012, 2014, 2015, 2016, 2017, 2018, 2019, 2020, 2021]
Toyota	Corolla Hatchback,2,19595.0,20271.0,19933,[2020]
Toyota	Corolla Hybrid,1,24604.0,24604.0,24604,[2021]
Toyota	Corolla iM,2,16215.0,16432.0,16323,[2018]
Toyota	FJ Cruiser,3,9999.0,27816.0,19603,[2007, 2010, 2012]
Toyota	Highlander,41,3999.0,48211.0,28189,[2002, 2003, 2004, 2006, 2012, 2013, 2016, 2017, 2018, 2019, 2020]
Toyota	Highlander Hybrid,6,14999.0,44498.0,35778,[2013, 2017, 2020]
Toyota	Matrix,1,8488.0,8488.0,8488,[2010]
Toyota	Prius,18,2999.0,26489.0,10987,[2004, 2005, 2008, 2010, 2011, 2013, 2016, 2017, 2018, 2021]
Toyota	Prius Prime,3,16595.0,21993.0,19797,[2017, 2018]
Toyota	Prius c,3,4990.0,14957.0,8714,[2012, 2014, 2017]
Toyota	Prius v,2,9832.0,12993.0,11412,[2013]
Toyota	RAV4,88,3999.0,36182.0,17714,[1999, 2004, 2006, 2007, 2008, 2009, 2010, 2011, 2012, 2014, 2015, 2016, 2017, 2018, 2019, 2020]
Toyota	RAV4 Hybrid,13,13995.0,32995.0,25326,[2016, 2017, 2018, 2019, 2020]
Toyota	Sequoia,6,4499.0,61828.0,33113,[2001, 2007, 2008, 2018, 2020]
Toyota	Sienna,31,2799.0,39900.0,19994,[2005, 2006, 2007, 2008, 2011, 2012, 2013, 2015, 2016, 2017, 2018, 2019, 2020]
Toyota	Supra,2,47995.0,56630.0,52312,[2020, 2021]
Toyota	Tacoma,28,6999.0,42900.0,28113,[1999, 2007, 2008, 2010, 2015, 2016, 2017, 2018, 2019, 2020]
Toyota	Tundra,19,4499.0,43973.0,21608,[2002, 2005, 2006, 2007, 2008, 2010, 2014, 2015, 2016, 2018, 2021]
Toyota	Venza,3,10995.0,42869.0,22451,[2010, 2013, 2021]
Toyota	Yaris,5,2995.0,17301.0,10017,[2008, 2009, 2017, 2020]
Toyota	Yaris iA,1,14336.0,14336.0,14336,[2017]
Volkswagen	Arteon,4,36894.0,45149.0,40257,[2019, 2020]
Volkswagen	Atlas,42,25995.0,51769.0,40391,[2018, 2019, 2021]
Volkswagen	Atlas Cross Sport,34,33785.0,51335.0,41836,[2020]
Volkswagen	Beetle,3,2899.0,9015.0,5938,[2003, 2008, 2012]
Volkswagen	CC,2,6251.0,10695.0,8473,[2012, 2013]
Volkswagen	GTI,16,14928.0,38874.0,26135,[2016, 2017, 2018, 2019, 2020]
Volkswagen	Golf,12,8989.0,25709.0,17816,[2011, 2013, 2017, 2018, 2020]
Volkswagen	Golf Alltrack,4,19995.0,31981.0,23847,[2017, 2018]
Volkswagen	Golf R,1,29990.0,29990.0,29990,[2017]
Volkswagen	Golf SportWagen,3,8999.0,18000.0,13493,[2015, 2019]
Volkswagen	Jetta,113,2999.0,29524.0,17388,[2004, 2005, 2007, 2009, 2010, 2011, 2012, 2013, 2014, 2015, 2016, 2017, 2018, 2019, 2020]
Volkswagen	Jetta GLI,3,27435.0,32705.0,29643,[2020]
Volkswagen	Jetta Hybrid,1,8995.0,8995.0,8995,[2014]
Volkswagen	Jetta SportWagen,1,3499.0,3499.0,3499,[2009]
Volkswagen	Passat,71,3999.0,33069.0,22559,[2006, 2012, 2013, 2014, 2015, 2017, 2018, 2020]
Volkswagen	Routan,3,4999.0,10990.0,8094,[2009, 2010, 2011]
Volkswagen	Tiguan,129,5550.0,41464.0,28070,[2009, 2010, 2011, 2012, 2013, 2016, 2017, 2018, 2019, 2020]
Volkswagen	Touareg,2,23999.0,28995.0,26497,[2015, 2017]
Volkswagen	e-Golf,2,17995.0,39925.0,28960,[2019]
Volvo	C70,1,4250.0,4250.0,4250,[2004]
Volvo	S40,1,3999.0,3999.0,3999,[2009]
Volvo	S60,50,2999.0,51515.0,29686,[2006, 2008, 2012, 2013, 2015, 2017, 2018, 2019, 2020, 2021]
Volvo	S80,3,4995.0,6999.0,6164,[2010, 2011]
Volvo	S90,5,25995.0,63205.0,40436,[2017, 2019, 2020]
Volvo	V60,12,7499.0,50900.0,34829,[2015, 2017, 2020]
Volvo	V90,4,44394.0,61275.0,56854,[2019, 2020]
Volvo	XC40,23,36698.0,48060.0,43492,[2019, 2020, 2021]
Volvo	XC60,104,14290.0,71710.0,50979,[2013, 2017, 2018, 2020, 2021]
Volvo	XC70,5,3750.0,26788.0,12744,[2007, 2009, 2015, 2016]
Volvo	XC90,58,3999.0,82375.0,54768,[2008, 2013, 2017, 2018, 2019, 2020, 2021]
smart	fortwo,2,8995.0,11888.0,10441,[2016, 2017]
