Land Rover,Discovery Sport,272,20981.00,75899.00,43109.68,2015|2016|2017|2018|2019|2020
Mazda,MAZDA3,329,2499.00,32595.00,16267.99,2005|2006|2007|2008|2009|2010|2011|2012|2013|2014|2015|2016|2017|2018|2019|2020|2021
Land Rover,Range Rover Evoque,184,15976.00,84399.00,40450.71,2013|2014|2015|2016|2017|2018|2019|2020
Alfa Romeo,4C,1,97579.00,97579.00,97579.00,2015
Mazda,CX-3,102,11500.00,29295.00,18685.66,2016|2017|2018|2019|2020|2021
Hyundai,Elantra,952,1800.00,27605.00,15510.50,2002|2003|2005|2006|2007|2008|2009|2010|2011|2012|2013|2014|2015|2016|2017|2018|2019|2020
Lexus,RC 350,7,19900.00,41487.00,32604.43,2015|2017|2018
Chevrolet,Traverse,745,2488.00,55660.00,30414.92,2009|2010|2011|2012|2013|2014|2015|2016|2017|2018|2019|2020
Cadillac,XT4,110,31339.00,55325.00,44753.85,2019|2020
Chrysler,200,88,2695.00,21995.00,9998.32,2011|2012|2013|2014|2015|2016|2017
Jeep,Wrangler Unlimited,750,10999.00,88500.00,37692.23,2007|2008|2009|2010|2011|2012|2013|2014|2015|2016|2017|2018|2019|2020|2021
Dodge,Durango,669,1595.00,67988.00,33180.16,2000|2001|2004|2005|2006|2007|2008|2011|2012|2013|2014|2015|2016|2017|2018|2019|2020
Mercedes-Benz,CLA-Class,155,13999.00,64790.00,29189.82,2014|2015|2016|2017|2018|2019|2020|2021
Dodge,Charger,360,2999.00,80710.00,30258.68,2006|2007|2008|2009|2010|2011|2012|2013|2014|2015|2016|2017|2018|2019|2020
Nissan,Rogue,1683,2222.00,38080.00,20237.11,2008|2009|2010|2011|2012|2013|2014|2015|2016|2017|2018|2019|2020
Honda,Civic,1061,999.00,27937.00,16586.87,1996|1999|2002|2003|2004|2005|2006|2007|2008|2009|2010|2011|2012|2013|2014|2015|2016|2017|2018|2019|2020
Lexus,RX 350,343,6800.00,48498.00,30113.86,2007|2008|2009|2010|2011|2012|2013|2014|2015|2016|2017
Kia,Optima,377,3299.00,38335.00,15805.93,2008|2010|2011|2012|2013|2014|2015|2016|2017|2018|2019|2020
BMW,4 Series,254,14995.00,68835.00,30540.48,2014|2015|2016|2017|2018|2019|2020
Cadillac,Escalade,198,5995.00,99525.00,66129.56,2005|2007|2008|2009|2010|2011|2012|2013|2014|2015|2016|2017|2018|2019|2020
Chevrolet,Cruze,348,3199.00,18000.00,11714.08,2011|2012|2013|2014|2015|2016|2017|2018|2019
Mazda,MAZDA6,157,2792.00,37140.00,19648.82,2004|2005|2007|2009|2010|2011|2012|2013|2014|2015|2016|2017|2018|2019|2020
Land Rover,Defender,61,57360.00,88745.00,75680.97,2020
Land Rover,Range Rover,146,8800.00,127980.00,76274.03,2007|2010|2012|2013|2014|2015|2016|2017|2018|2019|2020
Mazda,CX-9,177,3995.00,53095.00,28067.92,2008|2009|2010|2011|2012|2013|2014|2015|2016|2017|2018|2019|2020|2021
Cadillac,SRX,70,2497.00,25596.00,13417.23,2004|2005|2007|2008|2009|2010|2011|2012|2013|2014|2015|2016
Ford,Mustang,376,2800.00,189935.00,29341.39,1965|1966|1987|2000|2003|2004|2005|2006|2007|2008|2009|2010|2011|2012|2013|2014|2015|2016|2017|2018|2019|2020
BMW,X5,679,3800.00,104125.00,46879.60,2003|2006|2007|2008|2009|2010|2011|2012|2013|2014|2015|2016|2017|2018|2019|2020|2021
Chevrolet,Silverado 2500HD,123,3299.00,77744.00,40215.74,1999|2001|2002|2003|2004|2005|2006|2008|2009|2010|2011|2012|2013|2014|2015|2016|2017|2018|2019|2020
Audi,R8,20,59495.00,239850.00,171181.30,2011|2014|2015|2017|2018|2020
BMW,X6 M,21,25495.00,129795.00,67357.86,2011|2012|2013|2014|2015|2017|2019|2020|2021
Volkswagen,GTI,101,7495.00,38874.00,22822.85,2008|2011|2012|2013|2014|2015|2016|2017|2018|2019|2020
BMW,7 Series,190,6500.00,168475.00,58822.68,2007|2009|2011|2012|2013|2014|2015|2016|2017|2018|2019|2020|2021
Lexus,IS 350,18,15999.00,34765.00,25592.61,2011|2014|2015|2016|2017|2018
Toyota,Prius,204,1920.00,38217.00,17464.42,2004|2005|2006|2007|2008|2009|2010|2011|2012|2013|2014|2015|2016|2017|2018|2019|2020|2021
Dodge,Grand Caravan,293,2100.00,35000.00,15771.84,2004|2006|2007|2008|2009|2010|2011|2012|2013|2014|2015|2016|2017|2018|2019|2020
Hyundai,Santa Fe,396,3599.00,41885.00,27572.07,2002|2004|2005|2006|2007|2008|2009|2010|2011|2012|2013|2014|2015|2016|2017|2018|2019|2020
BMW,X1,333,8995.00,48670.00,30544.82,2013|2014|2015|2016|2017|2018|2019|2020|2021
Honda,Accord,1405,2277.00,89995.00,18040.31,1999|2000|2001|2003|2004|2005|2006|2007|2008|2009|2010|2011|2012|2013|2014|2015|2016|2017|2018|2019|2020
Mercedes-Benz,CLS-Class,49,5999.00,96600.00,50338.33,2006|2007|2008|2012|2013|2014|2015|2016|2017|2018|2019|2020
Volkswagen,Passat,431,2395.00,33069.00,16620.84,2001|2002|2005|2006|2009|2010|2012|2013|2014|2015|2016|2017|2018|2019|2020
Audi,A5,52,7999.00,54935.00,26900.31,2010|2011|2012|2013|2014|2015|2016|2017|2018|2019|2020
Chevrolet,Volt,39,7359.00,23988.00,16073.46,2011|2012|2013|2014|2015|2016|2017|2018|2019
Cadillac,XT5,426,19990.00,66880.00,41710.44,2017|2018|2019|2020|2021
Mercedes-Benz,M-Class,75,3499.00,39500.00,15739.00,2002|2004|2006|2007|2008|2009|2010|2011|2012|2013|2014|2015
Kia,Forte,514,2999.00,24485.00,17059.48,2010|2012|2013|2014|2015|2016|2017|2018|2019|2020|2021
Cadillac,Escalade ESV,137,6999.00,102325.00,63633.71,2007|2008|2009|2010|2011|2012|2013|2014|2015|2016|2017|2018|2019|2020
Mercedes-Benz,G-Class,44,23942.00,224890.00,113728.02,2002|2003|2005|2009|2011|2014|2015|2016|2017|2018|2019|2020
BMW,6 Series,74,10495.00,69988.00,36211.53,2005|2006|2008|2009|2012|2013|2014|2015|2016|2017|2018|2019
Cadillac,ATS,64,11395.00,27995.00,21024.08,2013|2014|2015|2016|2017|2018
Mercedes-Benz,GLA-Class,362,15495.00,61305.00,36611.65,2015|2016|2017|2018|2019|2020|2021
BMW,X6,115,16895.00,100245.00,50190.98,2009|2011|2012|2013|2014|2015|2016|2017|2018|2019|2020|2021
BMW,i8,9,48995.00,94800.00,73250.00,2015|2016|2017|2019
Porsche,Panamera,47,22995.00,143820.00,67201.34,2010|2011|2012|2013|2014|2015|2016|2017|2018|2019|2020
Dodge,RAM 1500,53,3699.00,18993.00,8595.26,1996|2001|2002|2003|2004|2005|2006|2007|2008|2009|2010
GMC,Terrain,672,5999.00,45400.00,27116.25,2010|2011|2012|2013|2014|2015|2016|2017|2018|2019|2020
Ford,Fiesta,66,3695.00,18999.00,8781.47,2011|2012|2013|2014|2015|2016|2017|2018|2019
Audi,S6,23,26891.00,92190.00,56008.00,2014|2016|2017|2018|2020
Mercedes-Benz,SLK-Class,7,17900.00,32995.00,24078.29,2007|2010|2012|2014|2015
FIAT,124 Spider,12,6980.00,39305.00,23217.83,1981|2017|2018|2019|2020
Kia,Soul,402,4450.00,29570.00,16515.72,2010|2011|2012|2013|2014|2015|2016|2017|2018|2019|2020|2021
Lexus,GS 350,78,7495.00,59600.00,32151.22,2007|2008|2010|2013|2014|2015|2016|2017|2018|2020
INFINITI,Q60,64,18995.00,55684.00,32730.78,2014|2015|2017|2018|2019|2020
GMC,Sierra 3500HD,11,12995.00,80280.00,47679.82,2007|2010|2014|2015|2016|2019|2020
Volkswagen,Jetta,727,1495.00,29659.00,16549.56,2000|2004|2005|2006|2007|2008|2009|2010|2011|2012|2013|2014|2015|2016|2017|2018|2019|2020
Toyota,Prius Prime,244,15999.00,41954.00,28555.43,2017|2018|2020
GMC,Yukon,137,2995.00,82750.00,46782.34,2001|2004|2005|2006|2007|2008|2009|2010|2011|2012|2013|2014|2015|2016|2017|2018|2019|2020|2021
Acura,TSX,38,2995.00,14999.00,10227.63,2004|2005|2006|2007|2009|2010|2011|2012|2013|2014
Subaru,Forester,817,2495.00,37233.00,21524.74,2002|2003|2004|2005|2006|2007|2008|2009|2010|2011|2012|2013|2014|2015|2016|2017|2018|2019|2020
Volvo,S80,17,3749.00,19999.00,7856.65,2005|2007|2008|2009|2010|2011|2012|2013|2015
Volvo,V60,88,7499.00,53725.00,41256.59,2015|2016|2017|2018|2020
Kia,Rio5,24,3999.00,18805.00,15536.54,2012|2015|2016|2018|2019|2020
Mitsubishi,Mirage,88,4995.00,18500.00,14377.32,2014|2015|2017|2018|2019|2020
Toyota,Yaris,51,1989.00,19705.00,13241.75,2007|2008|2009|2010|2012|2014|2015|2016|2017|2018|2019|2020
Buick,Lucerne,9,2988.00,9985.00,5325.78,2006|2007|2008|2009|2010|2011
Nissan,Murano,503,899.00,49765.00,26745.81,2004|2005|2006|2007|2009|2010|2011|2012|2013|2014|2015|2016|2017|2018|2019|2020
Mitsubishi,Eclipse Cross,80,14995.00,33500.00,23527.78,2018|2019|2020
Mercury,Grand Marquis,10,1850.00,7777.00,3941.20,1997|2001|2002|2003|2004|2005|2009|2010
Toyota,Sienna,371,1980.00,51462.00,23332.28,1999|2002|2003|2004|2005|2006|2007|2008|2009|2010|2011|2012|2013|2014|2015|2016|2017|2018|2019|2020
Cadillac,XTS,61,8995.00,48770.00,22816.70,2013|2014|2015|2016|2017|2018|2019
Acura,RDX,314,5900.00,49525.00,28409.88,2007|2008|2009|2010|2011|2012|2013|2014|2015|2016|2017|2018|2019|2020|2021
Jeep,Commander,10,3599.00,8495.00,5622.50,2006|2007|2008
Honda,CR-V,1362,1780.00,35970.00,22921.97,1997|2000|2001|2002|2003|2004|2005|2006|2007|2008|2009|2010|2011|2012|2013|2014|2015|2016|2017|2018|2019|2020
Buick,Regal,33,6495.00,24895.00,16247.27,2003|2011|2013|2014|2015|2016|2017
Nissan,Rogue Select,23,5995.00,17995.00,9934.26,2014|2015
RAM,ProMaster City,64,7777.00,30100.00,21960.58,2015|2016|2017|2018|2019|2020
Toyota,Highlander,972,3750.00,111111.00,32911.85,2001|2002|2003|2004|2005|2006|2007|2008|2009|2010|2011|2012|2013|2014|2015|2016|2017|2018|2019|2020
Chevrolet,Impala Limited,14,4800.00,13900.00,8966.43,2014|2015|2016
Honda,Fit,210,1699.00,20015.00,14987.37,2007|2008|2009|2010|2011|2012|2013|2015|2016|2017|2018|2019|2020
Kia,K5,194,24210.00,34155.00,26956.72,2021
Kia,Seltos,131,19500.00,34655.00,25999.04,2021
Buick,Enclave,178,5499.00,60640.00,29950.23,2008|2009|2010|2011|2012|2013|2014|2015|2016|2017|2018|2019|2020
Nissan,Armada,62,3999.00,69975.00,30695.03,2005|2006|2008|2010|2011|2012|2013|2015|2017|2018|2019|2020
Lexus,IS 250,52,4900.00,25422.00,15193.77,2006|2007|2008|2009|2010|2011|2012|2013|2014|2015
Ford,Transit Passenger,175,17999.00,61184.00,33124.63,2015|2016|2017|2018|2019|2020
Dodge,Magnum,1,4499.00,4499.00,4499.00,2007
Ford,Expedition,391,2980.00,86125.00,56934.17,2003|2004|2007|2008|2009|2010|2011|2012|2013|2014|2015|2016|2017|2018|2019|2020
Mercedes-Benz,R-Class,7,7249.00,12995.00,9443.71,2007|2008|2010|2011
Volkswagen,Golf SportWagen,29,8999.00,24965.00,17583.24,2015|2016|2017|2018|2019
Scion,xA,5,2499.00,3999.00,3277.40,2004|2005|2006
Chevrolet,Cobalt,19,1894.00,5988.00,3551.63,2005|2006|2007|2008|2009|2010
Kia,Stinger,47,21495.00,54850.00,41089.77,2018|2019|2020
Kia,Rio,89,2499.00,22290.00,14641.93,2006|2008|2009|2012|2013|2014|2016|2017|2018|2019|2020
Audi,Q7,245,5500.00,89145.00,43072.72,2007|2008|2010|2011|2012|2013|2014|2015|2017|2018|2019|2020|2021
Chrysler,300,183,2995.00,41410.00,19465.57,2005|2006|2007|2008|2009|2010|2011|2012|2013|2014|2015|2016|2017|2018|2019|2020
Ford,Fusion Hybrid,286,3999.00,36185.00,23602.37,2010|2012|2013|2014|2015|2016|2017|2018|2019|2020
Volkswagen,Golf Alltrack,65,16750.00,35620.00,26229.63,2017|2018|2019
Cadillac,CT4,77,33477.00,55410.00,44634.84,2020
Cadillac,CT5,151,39115.00,66115.00,48057.35,2020
Jaguar,X-TYPE,2,2999.00,4999.00,3999.00,2003|2005
Jaguar,XJ-Series,36,3900.00,93512.00,28480.64,1984|1990|1994|1996|1999|2001|2004|2006|2011|2013|2014|2015|2016|2017|2018|2019
Lexus,ES 300,7,1295.00,5500.00,3270.14,1996|2001|2002|2003
Mercedes-Benz,GLS-Class,196,28565.00,130480.00,57847.73,2017|2018|2019|2020
Nissan,350Z,6,6995.00,19999.00,12464.50,2003|2004|2005|2007
Maserati,Ghibli,148,22995.00,94185.00,46064.28,2014|2015|2016|2017|2018|2019|2020
Chevrolet,Express Cargo,155,3695.00,40090.00,15661.37,2001|2004|2005|2006|2007|2008|2009|2010|2011|2012|2013|2014|2015|2016|2017|2018|2019|2020
RAM,3500,62,19990.00,88475.00,54539.47,2011|2012|2014|2015|2017|2018|2019|2020|2021
Cadillac,CT6,61,22400.00,64799.00,39830.10,2016|2017|2018|2019|2020
Audi,A6,247,3400.00,76565.00,39424.98,2004|2005|2006|2007|2008|2009|2010|2011|2012|2013|2014|2015|2016|2017|2018|2019|2020
INFINITI,QX30,46,16900.00,27999.00,22359.78,2017|2018|2019
INFINITI,QX60,422,14500.00,62405.00,41039.23,2014|2015|2016|2017|2018|2019|2020
Ford,Mustang Shelby GT350,24,47990.00,76595.00,60558.38,2016|2017|2018|2019|2020
Chevrolet,Corvette,107,4990.00,115000.00,38947.00,1963|1966|1970|1971|1977|1978|1980|1985|1988|1990|1991|1992|1993|1994|1995|1996|1997|1998|1999|2000|2001|2002|2003|2004|2005|2006|2007|2008|2009|2012|2013|2014|2015|2016|2017|2018|2019|2020
Hyundai,Genesis Coupe,8,7995.00,22900.00,17226.12,2013|2014|2015|2016
Hyundai,Kona,424,12991.00,31410.00,26416.36,2018|2019|2020|2021
Mazda,CX-30,54,24000.00,31625.00,27952.43,2020|2021
Lexus,LX 570,11,21263.00,94140.00,45322.36,2009|2014|2015|2016|2017|2019
Audi,S7,12,26942.00,107590.00,52131.92,2013|2014|2015|2016|2017|2020
MINI,Cooper Clubman,72,6995.00,43085.00,28414.22,2009|2010|2012|2016|2017|2019|2020
Lincoln,MKX,143,3500.00,47210.00,25528.79,2007|2008|2009|2010|2012|2013|2014|2015|2016|2017|2018
Acura,ILX,133,7995.00,31305.00,21295.32,2013|2014|2015|2016|2017|2018|2019|2020
Lincoln,MKS,19,5199.00,29990.00,12105.53,2009|2010|2011|2013|2014|2015|2016
Volvo,S60,301,2495.00,66440.00,32546.99,2004|2006|2007|2008|2011|2012|2013|2014|2015|2016|2017|2018|2019|2020|2021
Mazda,MAZDA5,22,2899.00,11834.00,5898.77,2007|2008|2009|2010|2012|2013|2015
Audi,S5,28,15495.00,51999.00,33864.36,2010|2011|2013|2014|2016|2017|2018|2019
Mazda,MX-5 Miata,25,8450.00,36355.00,23069.44,2006|2010|2012|2014|2015|2016|2017|2018|2020
Nissan,Altima Hybrid,6,5500.00,8995.00,6545.00,2007|2009|2010|2011
Mitsubishi,Lancer,16,2899.00,9995.00,6950.75,2004|2008|2009|2010|2011|2012|2013|2014|2016|2017
Hyundai,Ioniq Electric,36,12991.00,39890.00,35719.03,2017|2019|2020
Volkswagen,CC,21,4995.00,17690.00,9289.52,2009|2010|2011|2012|2013|2014|2016|2017
Mitsubishi,Outlander,137,1995.00,31000.00,20458.99,2003|2006|2007|2008|2009|2010|2011|2012|2013|2014|2015|2016|2017|2018|2019|2020
Lincoln,MKT,35,6199.00,48573.00,21394.31,2010|2011|2012|2014|2016|2017|2018|2019
Ferrari,F430,1,79800.00,79800.00,79800.00,2005
Volkswagen,Beetle,40,2899.00,30395.00,11891.38,1999|2003|2004|2005|2006|2008|2009|2010|2012|2013|2014|2015|2016|2017|2018|2019
Honda,Element,19,3399.00,11490.00,6445.11,2003|2004|2005|2006|2008|2009|2010|2011
Audi,A7,45,14950.00,89800.00,40697.38,2012|2013|2014|2015|2016|2017|2018|2019|2020
Genesis,G80,53,21995.00,61345.00,38975.62,2017|2018|2019|2020
Lincoln,Zephyr,2,2500.00,3499.00,2999.50,2006
Audi,A5 Sportback,40,24100.00,56345.00,39394.28,2018|2019|2020
Lexus,SC 430,6,8491.00,16590.00,13257.33,2002|2004|2005|2006
Hyundai,Veloster Turbo,9,8777.00,26980.00,16304.44,2015|2016|2017|2020
Cadillac,Eldorado,3,4995.00,36999.00,16322.00,1966|1999|2000
GMC,Suburban,1,4649.00,4649.00,4649.00,1999
Dodge,RAM 2500,20,3699.00,24985.00,10896.30,1996|1998|2001|2002|2003|2004|2005|2006|2007|2008|2009|2010
Genesis,G90,22,31990.00,77345.00,50806.82,2017|2018|2019|2020
Hyundai,Azera,10,5995.00,20999.00,11667.90,2006|2007|2008|2013|2014|2016|2017
Hyundai,Accent,85,2199.00,18651.00,11407.54,2007|2008|2010|2011|2012|2013|2014|2015|2016|2017|2018|2019|2020|2021
Mitsubishi,Galant,6,1983.00,6995.00,4245.00,2004|2007|2009|2011|2012
Honda,Civic Hatchback,101,14995.00,29905.00,21132.12,2017|2018|2019|2020
Toyota,RAV4 Hybrid,146,13995.00,41338.00,30498.13,2016|2017|2018|2019|2020
Cadillac,STS,5,4899.00,9499.00,6058.40,2007|2008|2009|2011
Mercedes-Benz,Sprinter Cargo,31,14995.00,63077.00,37096.03,2011|2012|2013|2014|2015|2016|2017|2018|2019
Mazda,RX-8,1,9899.00,9899.00,9899.00,2005
Ford,C-Max Hybrid,28,4995.00,18995.00,11782.39,2013|2014|2017|2018
Chrysler,Sebring,23,1595.00,7995.00,4329.74,1998|1999|2001|2004|2005|2006|2007|2008|2009|2010
Ford,EcoSport,620,13900.00,31540.00,23064.55,2018|2019|2020|2021
Lexus,RX 330,13,5995.00,10995.00,7445.54,2004|2005|2006
Mercedes-Benz,A-Class,63,21950.00,61370.00,37376.84,2019|2020|2021
Audi,TT,13,6995.00,41995.00,18329.62,2001|2003|2008|2009|2010|2014|2017|2018|2019
Hyundai,Venue,80,16275.00,23250.00,19958.60,2020|2021
Toyota,Corolla Hybrid,33,22998.00,25269.00,24406.33,2020|2021
Nissan,Versa Note,26,4995.00,10999.00,7955.46,2014|2015|2016|2017|2019
Maserati,Quattroporte,56,9900.00,124721.00,74723.27,2005|2008|2009|2011|2014|2015|2016|2017|2018|2019|2020
Cadillac,CTS Coupe,8,8899.00,17999.00,13606.62,2011|2012|2013
Saab,9-3,11,3000.00,9990.00,5434.64,1999|2006|2007|2008|2010|2011
Audi,S5 Sportback,23,34481.00,64690.00,44916.17,2018|2019|2020
FIAT,500,23,3995.00,20999.00,10386.39,2012|2013|2014|2015|2016
Lexus,NX 200t,138,18900.00,34463.00,27198.74,2015|2016|2017
Audi,A4 Allroad,29,11495.00,54155.00,33344.45,2013|2014|2015|2016|2017|2018|2019|2020
Bentley,Bentayga,10,131800.00,235995.00,161533.60,2017|2018|2019
Honda,CR-Z,5,5825.00,14990.00,9360.00,2011|2012|2015|2016
Suzuki,SX4,7,2495.00,7499.00,5046.86,2007|2009|2011|2013
Toyota,Camry Hybrid,152,2200.00,39829.00,26758.78,2007|2008|2009|2010|2011|2012|2013|2014|2015|2016|2017|2018|2019|2020
Kia,Forte5,30,3199.00,19999.00,11193.67,2011|2012|2013|2015|2016|2017|2018
BMW,X3 M,32,64487.00,84395.00,77894.38,2020|2021
Hyundai,Ioniq Hybrid,45,11995.00,32920.00,24423.60,2017|2018|2019|2020
Chevrolet,HHR,15,1499.00,9995.00,4735.87,2006|2007|2009|2010|2011
Volvo,XC60,476,6500.00,75885.00,46693.95,2010|2011|2012|2013|2014|2015|2016|2017|2018|2019|2020|2021
Volvo,V90,26,32959.00,64095.00,49893.38,2017|2018|2019|2020
Nissan,NV200,31,5985.00,29998.00,15902.00,2013|2014|2015|2016|2017|2018|2019|2020
Toyota,Prius c,15,4990.00,15900.00,10255.20,2012|2013|2014|2015|2016|2017|2018
Ford,Mustang Shelby GT500,12,34990.00,89500.00,54961.42,2007|2008|2010|2011|2012|2014|2020
INFINITI,Q70L,12,21750.00,39241.00,29534.25,2015|2016|2017|2019
Porsche,718 Cayman,13,47995.00,119470.00,77440.00,2017|2018|2019|2020
Ford,Flex,85,5250.00,36022.00,20797.32,2009|2010|2011|2012|2013|2014|2015|2016|2017|2018|2019
Lincoln,Mark VIII,1,27995.00,27995.00,27995.00,1998
GMC,Sierra 2500HD,70,4499.00,78760.00,43950.21,2001|2003|2004|2005|2007|2009|2010|2011|2012|2013|2014|2015|2016|2017|2018|2019|2020
Lincoln,Aviator,192,1980.00,89130.00,69790.20,2004|2005|2020|2021
Buick,Verano,22,6900.00,18500.00,12670.27,2012|2013|2014|2015|2016|2017
Mitsubishi,Outlander Sport,229,4995.00,29500.00,21124.75,2011|2012|2013|2014|2015|2016|2017|2018|2019|2020
Toyota,Avalon Hybrid,33,8995.00,46587.00,36130.48,2013|2014|2015|2016|2018|2020
Chrysler,Voyager,30,2495.00,32780.00,26955.87,2001|2002|2020
Chevrolet,Express,74,5500.00,50103.00,20269.62,2002|2003|2004|2005|2007|2009|2010|2012|2013|2014|2015|2016|2017|2018|2019|2020
Hyundai,Veloster N,5,28450.00,31080.00,30044.00,2020
Hyundai,Kona Electric,60,35820.00,47105.00,42975.85,2019|2020
Saturn,Outlook,4,4995.00,5999.00,5716.50,2007|2009
Hyundai,Sonata Hybrid Plug-In,15,26700.00,40270.00,35467.27,2019
Volkswagen,Jetta Hybrid,3,8800.00,8995.00,8923.33,2013|2014
Acura,RL,9,2390.00,14950.00,7852.11,1997|1999|2000|2007|2008|2009|2011
Hyundai,Genesis,21,7900.00,21995.00,15068.76,2009|2012|2013|2014|2015|2016
Lexus,RX 300,6,2995.00,5981.00,4236.67,1999|2000|2001|2002|2003
Ford,Five Hundred,7,1995.00,4000.00,3454.00,2006|2007
GMC,Envoy,15,1495.00,6999.00,4502.47,2002|2003|2004|2006|2007|2009
Volkswagen,Jetta GLI,22,19400.00,32705.00,27206.55,2019|2020
Volkswagen,Touareg,25,5990.00,31795.00,17722.92,2004|2010|2011|2012|2013|2014|2015|2016|2017
Toyota,Corolla Hatchback,30,16060.00,28242.00,22819.40,2019|2020|2021
Alfa Romeo,Giulia,139,19950.00,74695.00,37925.42,2017|2018|2019|2020
Ford,Fusion Energi,137,8495.00,39885.00,30349.06,2013|2014|2016|2017|2018|2019|2020
INFINITI,FX35,24,5500.00,16890.00,10454.00,2004|2005|2007|2008|2009|2010|2011|2012
Tesla,Model X,10,58300.00,82995.00,71866.80,2016|2018|2019
smart,fortwo,15,2595.00,13888.00,9374.27,2008|2009|2012|2014|2016|2017
Jaguar,XE,87,18880.00,58588.00,36591.99,2017|2018|2019|2020
INFINITI,QX56,19,4995.00,23995.00,15585.58,2005|2006|2007|2008|2010|2011|2012|2013
Buick,LaCrosse,57,2999.00,39380.00,16112.16,2005|2006|2007|2008|2009|2010|2011|2012|2014|2015|2016|2017|2018|2019
Toyota,Yaris iA,28,10595.00,111111.00,16316.29,2017|2018
Chevrolet,Tahoe Hybrid,1,10000.00,10000.00,10000.00,2008
Land Rover,LR4,13,9995.00,45990.00,26226.38,2010|2011|2012|2015|2016
Nissan,Juke,40,5995.00,18959.00,10267.45,2011|2012|2013|2014|2015|2016|2017
BMW,8 Series,55,86995.00,123045.00,101443.80,2019|2020|2021
Saturn,VUE,9,2499.00,5950.00,3625.44,2003|2004|2006|2007|2008|2009
BMW,M8,46,133095.00,175045.00,150343.37,2020|2021
Ford,Explorer Hybrid,16,38900.00,57785.00,49338.62,2020
Subaru,Impreza WRX STI,3,15995.00,26999.00,20993.00,2010|2011|2013
Ford,Transit Crew,15,37201.00,55670.00,47275.87,2020
Lexus,LX 470,3,5995.00,16985.00,13256.67,2002|2006|2007
Chevrolet,Silverado Classic 1500,7,2999.00,7993.00,5211.86,2007
Ford,F-550 Super Duty Chassis,136,7999.00,85845.00,58185.23,2001|2003|2005|2007|2008|2009|2013|2015|2016|2019|2020
GMC,Savana,18,7795.00,39077.00,18722.22,2002|2007|2008|2010|2011|2012|2013|2015|2017|2019|2020
Subaru,Crosstrek Hybrid,18,31995.00,39403.00,35893.22,2019|2020
Lexus,RX Hybrid,67,12995.00,63510.00,46844.70,2010|2011|2013|2016|2017|2018|2019|2020
Chevrolet,Silverado Classic 3500,2,12995.00,14995.00,13995.00,2007
Toyota,Supra,47,46995.00,61899.00,54691.38,2020|2021
Nissan,NV Cargo,29,8985.00,35835.00,25151.38,2012|2014|2015|2016|2017|2018|2019|2020
Cadillac,Escalade EXT,3,13995.00,20987.00,17160.33,2007|2009|2010
Ferrari,458 Italia,4,139995.00,362750.00,224623.75,2010|2011|2014|2015
Audi,RS 3,4,50958.00,64440.00,56218.00,2018|2019|2020
Volkswagen,e-Golf,7,12995.00,39925.00,29018.86,2015|2019
BMW,Z4,15,9995.00,70295.00,44561.40,2003|2006|2007|2012|2014|2019|2020
Porsche,Boxster,13,5999.00,39999.00,18713.92,1997|1998|1999|2001|2002|2003|2004|2006|2011|2013|2014
Hyundai,Santa Fe XL,2,21308.00,32450.00,26879.00,2019
Jaguar,F-TYPE,44,21900.00,113015.00,69420.64,2014|2015|2016|2017|2018|2019|2020|2021
Lexus,LC,8,64995.00,106565.00,87650.75,2018|2020|2021
Scion,xD,10,3099.00,5900.00,4438.90,2008|2009|2010|2012|2013
Mitsubishi,Endeavor,8,3199.00,6995.00,4582.38,2004|2005|2007|2008|2010|2011
Scion,iA,4,8299.00,11795.00,10137.00,2016
Mazda,CX-7,14,3999.00,10995.00,7349.86,2007|2008|2009|2010|2011|2012
Chevrolet,Aveo,6,995.00,4599.00,2992.83,2004|2006|2007|2009|2011
Dodge,Dart,43,4995.00,12590.00,8459.42,2013|2014|2015|2016
Hyundai,Veracruz,5,6900.00,11777.00,9040.40,2010|2011|2012
Mercury,Sable,5,2995.00,4995.00,3615.60,2000|2002|2004|2008
INFINITI,M35,5,2999.00,9995.00,7195.80,2006|2008|2009
Rolls-Royce,Ghost,11,109000.00,218388.00,165478.00,2012|2013|2015|2016|2017|2018
Chevrolet,Captiva Sport,11,5499.00,12495.00,9123.91,2012|2013|2014
Nissan,Kicks,87,13995.00,24165.00,20691.54,2018|2019|2020
Mazda,MAZDA2,4,3399.00,8995.00,6601.75,2011|2013|2014
Scion,xB,12,2495.00,13998.00,8155.08,2006|2008|2009|2011|2012|2013|2015
Scion,iQ,2,4999.00,8991.00,6995.00,2012
Saturn,Aura,8,3995.00,6713.00,5123.38,2007|2008|2009
Mercury,Mariner,9,2995.00,5499.00,4001.11,2005|2008|2009|2010
Chevrolet,Malibu Hybrid,7,4693.00,19900.00,14223.43,2009|2016|2017
Volkswagen,Cabrio,2,1699.00,3995.00,2847.00,2001|2002
Suzuki,Grand Vitara,1,5995.00,5995.00,5995.00,2011
Mazda,Tribute,8,1000.00,5695.00,3422.38,2003|2004|2005|2006|2008|2010
Volvo,V50,2,3699.00,6000.00,4849.50,2005|2008
RAM,3500 Chassis,24,24500.00,63425.00,47021.21,2013|2016|2018|2019|2020
Toyota,ECHO,2,3599.00,3781.00,3690.00,2000|2003
Ford,Econoline Cargo,1,5999.00,5999.00,5999.00,2002
Honda,Accord Crosstour,3,9995.00,12888.00,11127.33,2010|2011
Ford,Transit Chassis,30,19999.00,62655.00,39882.70,2016|2018|2019|2020
Ford,F-450 Super Duty Chassis,1,11999.00,11999.00,11999.00,2008
Lexus,ES 300h,16,16450.00,34995.00,24481.81,2013|2014|2015|2017|2018
Mercedes-Benz,Metris Cargo,184,15995.00,37474.00,33752.58,2016|2017|2019|2020
Nissan,Murano CrossCabriolet,3,14995.00,19459.00,16649.67,2014
Lexus,NX Hybrid,18,21995.00,48320.00,39729.89,2015|2017|2018|2019|2020|2021
Lexus,LX,6,94579.00,101123.00,98465.17,2020
Ford,Mustang SVT Cobra,1,17995.00,17995.00,17995.00,2001
Lexus,UX Hybrid,35,27977.00,41980.00,38052.60,2019|2020
INFINITI,FX37,3,16395.00,17988.00,17375.67,2013
Lexus,ES 330,5,4299.00,8995.00,6605.60,2004|2005|2006
Honda,Insight,50,6495.00,30556.00,24410.56,2010|2011|2012|2019|2020|2021
Rolls-Royce,Phantom Drophead Coupe,5,169995.00,400000.00,265975.80,2009|2014|2015|2016
Ferrari,250 GT,1,1390000.00,1390000.00,1390000.00,1959
Audi,A3 Sportback,2,19999.00,25499.00,22749.00,2017
Porsche,718 Boxster,6,45894.00,88995.00,67929.83,2017|2019
Porsche,912,1,105500.00,105500.00,105500.00,1968
McLaren,570S,3,139500.00,169000.00,156133.33,2017|2018
Acura,RLX,11,14890.00,56295.00,43355.18,2014|2015|2016|2020
Acura,RLX Hybrid Sport,7,29995.00,62925.00,52883.57,2016|2018|2020
Chevrolet,Astro Cargo,3,4895.00,9990.00,6960.00,2005
Subaru,B9 Tribeca,4,3995.00,9575.00,6765.00,2006|2007
Subaru,Tribeca,6,5900.00,14975.00,8887.50,2008|2009|2010|2011
Chevrolet,Astro,1,6695.00,6695.00,6695.00,2005
GMC,Safari,1,3995.00,3995.00,3995.00,1999
Land Rover,LR3,4,5795.00,8495.00,6650.00,2006|2008
Nissan,370Z,10,19995.00,48460.00,25550.50,2009|2012|2014|2017|2019
Scion,FR-S,10,11999.00,45000.00,20961.20,2013|2015
Honda,Civic Type R,10,31995.00,38995.00,35790.30,2017|2018|2019
Nissan,GT-R,8,58090.00,179980.00,107260.88,2010|2014|2015|2017|2020
Chrysler,Crossfire,7,5899.00,13500.00,9681.29,2004|2005|2006
Mercedes-Benz,190-Class,1,4995.00,4995.00,4995.00,1988
BMW,Z3,3,7995.00,13500.00,10495.00,1997|1999
Kaiser,Manhattan,1,12995.00,12995.00,12995.00,1953
Lexus,LS,17,79155.00,108135.00,91290.06,2020
Buick,Special,1,19995.00,19995.00,19995.00,1940
Dodge,RAM 150,1,5995.00,5995.00,5995.00,1988
Ford,Fairlane,1,39995.00,39995.00,39995.00,1955
Ford,Thunderbird,11,10990.00,59990.00,25177.18,1955|1957|1966|2002|2004|2005
Lamborghini,Aventador,3,249990.00,360905.00,320298.33,2014|2017|2018
Buick,Roadmaster,2,3995.00,6900.00,5447.50,1994|1996
BMW,Z4 M,1,16495.00,16495.00,16495.00,2008
Ferrari,Portofino,4,205000.00,239990.00,226470.00,2019|2020
Ferrari,488,7,228000.00,510000.00,353785.00,2017|2018|2019|2020
Audi,RS Q8,2,134950.00,136490.00,135720.00,2020|2021
Ferrari,599 GTB Fiorano,2,119000.00,1299950.00,709475.00,2008|2011
Ferrari,GTC4Lusso T,2,191995.00,238995.00,215495.00,2018|2019
Jaguar,XK-Series,4,3995.00,35988.00,16763.25,1998|2007|2008|2015
Volkswagen,Eos,7,3999.00,16975.00,10903.29,2007|2008|2012|2013|2014
Toyota,RAV4 Prime,2,41338.00,42510.00,41924.00,2021
Honda,S2000,3,18900.00,26995.00,24269.00,2001|2004
Hyundai,Tiburon,1,4990.00,4990.00,4990.00,2006
Audi,RS 6,1,14990.00,14990.00,14990.00,2003
Volkswagen,Touareg 2,1,9990.00,9990.00,9990.00,2009
FIAT,500L,2,8990.00,8995.00,8992.50,2015
Cadillac,DeVille,6,3500.00,28950.00,12738.33,1966|1967|1990|1997|2003|2004
Audi,A8 Hybrid Plug-In,9,104675.00,113280.00,108196.11,2020
Audi,TT RS,2,36826.00,78620.00,57723.00,2013|2020
GMC,Sierra 3500,4,1900.00,23999.00,11687.25,1996|1998|2005|2006
Pontiac,Firebird,4,6995.00,26950.00,19236.25,1976|1989|1993|1997
Porsche,Cayman,7,26995.00,92490.00,53110.00,2006|2007|2014|2015|2016
Acura,Legend,2,6900.00,7995.00,7447.50,1993|1994
Buick,Riviera,1,7500.00,7500.00,7500.00,1989
Aston Martin,DB7,2,17900.00,40750.00,29325.00,2001|2003
GMC,Sierra 2500HD Classic,1,7995.00,7995.00,7995.00,2007
Hyundai,Entourage,3,2995.00,5995.00,4328.33,2007|2008
Lexus,LS 600h L,1,12995.00,12995.00,12995.00,2008
Chevrolet,SS,1,38000.00,38000.00,38000.00,2014
Lexus,RC 300,7,27995.00,36998.00,30912.00,2016|2017
Ford,F-550 Super Duty,13,17990.00,42985.00,32225.23,2011|2012|2014
Pontiac,Grand Am,3,1998.00,2695.00,2314.33,1995|2003|2004
Freightliner,Sprinter,3,13900.00,14999.00,14298.00,2012|2013
Ford,Model A,1,13999.00,13999.00,13999.00,1930
Aston Martin,DB9,4,28900.00,84997.00,54072.75,2005|2006|2010|2013
Saturn,Astra,1,5250.00,5250.00,5250.00,2008
Aston Martin,V8 Vantage,2,43995.00,60500.00,52247.50,2007|2011
Jaguar,I-PACE,32,54722.00,89643.00,73960.97,2019|2020
Rolls-Royce,Cullinan,1,459995.00,459995.00,459995.00,2020
Ferrari,FF,1,129865.00,129865.00,129865.00,2012
Chevrolet,City Express,2,11995.00,13495.00,12745.00,2016
Lotus,Evora,12,74995.00,115795.00,104711.67,2017|2020
Karma,Revero GT,1,149800.00,149800.00,149800.00,2020
Aston Martin,Vantage,6,124900.00,186064.00,160826.83,2019|2020
Aston Martin,DB11,6,129900.00,257761.00,223343.33,2017|2020
INFINITI,QX4,1,3800.00,3800.00,3800.00,2003
Chevrolet,Cavalier,3,2500.00,3495.00,3131.67,1987|2002|2004
FIAT,500e,1,9800.00,9800.00,9800.00,2017
Audi,SQ7,12,89385.00,106290.00,96034.17,2020
Land Rover,Freelander,1,3895.00,3895.00,3895.00,2005
Hummer,H3T,2,18995.00,34990.00,26992.50,2009
Porsche,356,1,18995.00,18995.00,18995.00,1956
Rolls-Royce,Silver Spur,1,13994.00,13994.00,13994.00,1986
Lexus,GS,2,42988.00,44199.00,43593.50,2019
Nissan,Rogue Hybrid,1,23459.00,23459.00,23459.00,2018
Chevrolet,C/K 10,1,9950.00,9950.00,9950.00,1985
INFINITI,I35,1,2999.00,2999.00,2999.00,2004
RAM,Dakota,1,11500.00,11500.00,11500.00,2011
Cadillac,ATS-V Coupe,2,44999.00,46995.00,45997.00,2017
Ferrari,430 Scuderia,2,195000.00,317500.00,256250.00,2009
Cadillac,CTS-V Coupe,1,47470.00,47470.00,47470.00,2013
Isuzu,Trooper,1,2988.00,2988.00,2988.00,1999
Ferrari,328,1,64988.00,64988.00,64988.00,1989
Mazda,MPV,1,1995.00,1995.00,1995.00,2003
Audi,SQ8,2,95565.00,109000.00,102282.50,2020
Bentley,Continental Supersports,1,189939.00,189939.00,189939.00,2018
Mercedes-Benz,SLS-Class,1,275000.00,275000.00,275000.00,2014
Buick,Rendezvous,4,2277.00,4444.00,3652.75,2002|2006|2007
Land Rover,Series III,1,27950.00,27950.00,27950.00,1973
Lotus,Elan,1,29950.00,29950.00,29950.00,1971
Hummer,H2 SUT,2,24890.00,26990.00,25940.00,2005|2007
McLaren,720S,1,269990.00,269990.00,269990.00,2018
Porsche,Cayenne Hybrid,1,27390.00,27390.00,27390.00,2014
Cadillac,CTS Sport Wagon,1,13990.00,13990.00,13990.00,2010
Scion,iM,2,12995.00,12999.00,12997.00,2016
Ford,Escort,1,3995.00,3995.00,3995.00,1998
GMC,Yukon Hybrid,2,5500.00,23995.00,14747.50,2008|2013
Chrysler,Concorde,1,6495.00,6495.00,6495.00,2000
Dodge,RAM Van,1,3995.00,3995.00,3995.00,1997
Plymouth,Barracuda,1,60000.00,60000.00,60000.00,1968
Pontiac,Aztek,1,3000.00,3000.00,3000.00,2002
Mercury,Monterey,2,1995.00,34990.00,18492.50,1952|2004
Pontiac,Fiero,1,9999.00,9999.00,9999.00,1984
Lexus,LS 430,1,9995.00,9995.00,9995.00,2004
GMC,Sierra Classic 1500,1,7900.00,7900.00,7900.00,2007
