Jeep,Renegade,297,10595.00,35335.00,21773.11,2015|2016|2017|2018|2019|2020
Subaru,WRX STI,49,23995.00,46995.00,33441.69,2015|2016|2017|2018|2019|2020
Land Rover,Discovery,103,3495.00,83900.00,59840.29,2003|2017|2018|2019|2020
Land Rover,Range Rover Velar,145,39384.00,102372.00,62189.30,2018|2019|2020
BMW,3 Series,1116,2000.00,68470.00,30795.34,1996|1998|2002|2003|2004|2005|2006|2007|2008|2009|2010|2011|2012|2013|2014|2015|2016|2017|2018|2019|2020|2021
Mazda,CX-5,866,6991.00,38845.00,25250.76,2013|2014|2015|2016|2017|2018|2019|2020|2021
Chevrolet,Malibu,603,2395.00,36605.00,16927.81,2002|2006|2007|2008|2009|2010|2011|2012|2013|2014|2015|2016|2017|2018|2019|2020|2021
Jeep,Grand Cherokee,2506,2495.00,99165.00,34069.01,1997|1998|2000|2001|2002|2003|2004|2005|2006|2007|2008|2009|2010|2011|2012|2013|2014|2015|2016|2017|2018|2019|2020
Jeep,Compass,1185,2495.00,39040.00,25205.32,2007|2008|2010|2011|2012|2013|2014|2015|2016|2017|2018|2019|2020|2021
Subaru,Impreza,566,1500.00,30814.00,17530.45,1999|2004|2006|2007|2008|2009|2010|2011|2012|2013|2014|2015|2016|2017|2018|2019|2020
Hyundai,Veloster,42,4599.00,21900.00,11703.31,2012|2013|2014|2015|2016|2017|2019|2020
Chevrolet,Equinox,2508,2399.00,41895.00,24494.32,2005|2006|2007|2008|2010|2011|2012|2013|2014|2015|2016|2017|2018|2019|2020
Land Rover,Range Rover Sport,223,6999.00,150100.00,61689.06,2006|2007|2008|2009|2010|2011|2012|2013|2014|2015|2016|2017|2018|2019|2020
Chevrolet,Silverado 1500,1317,1599.00,68702.00,35484.93,1999|2000|2001|2002|2003|2004|2005|2006|2007|2008|2009|2010|2011|2012|2013|2014|2015|2016|2017|2018|2019|2020
Mercedes-Benz,GLC-Class,386,22000.00,100275.00,44858.07,2016|2017|2018|2019|2020
Ford,Explorer,1940,1320.00,64070.00,38954.07,1998|2001|2002|2003|2004|2005|2006|2007|2008|2009|2010|2011|2012|2013|2014|2015|2016|2017|2018|2019|2020|2021
Lincoln,Navigator,188,5699.00,101945.00,70564.89,2003|2005|2007|2008|2010|2011|2012|2013|2014|2015|2017|2018|2019|2020
Subaru,Outback,632,1645.00,42313.00,24785.26,2001|2002|2003|2004|2005|2006|2007|2008|2009|2010|2011|2012|2013|2014|2015|2016|2017|2018|2019|2020
Mercedes-Benz,GLE-Class,358,21950.00,134055.00,50880.38,2016|2017|2018|2019|2020|2021
Hyundai,Tucson,1201,2699.00,35795.00,24641.07,2006|2007|2008|2010|2011|2012|2013|2014|2015|2016|2017|2018|2019|2020|2021
BMW,2 Series,144,15290.00,59835.00,40157.53,2014|2015|2016|2017|2018|2019|2020|2021
Chrysler,Pacifica,374,2677.00,51180.00,30162.41,2005|2007|2008|2017|2018|2019|2020
Chevrolet,Suburban,250,2399.00,83290.00,46176.22,1950|2002|2004|2005|2007|2008|2009|2010|2011|2012|2013|2014|2015|2016|2017|2018|2019|2020|2021
Chevrolet,Camaro,188,6995.00,69375.00,28416.98,1967|1968|1969|1970|1972|1981|1989|1992|1994|1995|1996|1997|2010|2011|2012|2013|2014|2015|2016|2017|2018|2019|2020|2021
Chevrolet,Trax,1214,8499.00,30360.00,19918.92,2015|2016|2017|2018|2019|2020|2021
Audi,SQ5,47,18999.00,68465.00,50290.26,2014|2015|2016|2017|2018|2019|2020
Jaguar,E-PACE,61,29800.00,65375.00,48652.87,2018|2019|2020
Nissan,Maxima,342,999.00,43550.00,20788.28,2001|2002|2005|2007|2008|2009|2010|2011|2012|2013|2014|2016|2017|2018|2019|2020
Jeep,Cherokee,874,3895.00,43545.00,27331.16,2000|2001|2014|2015|2016|2017|2018|2019|2020|2021
Mercedes-Benz,C-Class,832,2499.00,95615.00,31347.59,1999|2002|2004|2005|2006|2007|2008|2009|2010|2011|2012|2013|2014|2015|2016|2017|2018|2019|2020
Volkswagen,Tiguan,548,5550.00,41524.00,25109.05,2009|2010|2011|2012|2013|2014|2015|2016|2017|2018|2019|2020
Land Rover,Range Rover Hybrid,94,93640.00,113860.00,104054.79,2020
Ford,F-350 Super Duty,323,4450.00,88150.00,43951.57,2002|2003|2004|2005|2006|2007|2008|2009|2010|2011|2012|2013|2014|2015|2016|2017|2018|2019|2020
Chevrolet,Colorado,347,2999.00,51660.00,29177.10,2004|2005|2006|2007|2008|2009|2010|2011|2012|2015|2016|2017|2018|2019|2020|2021
Nissan,Pathfinder,390,1200.00,46255.00,21723.66,1999|2002|2003|2004|2005|2006|2007|2008|2009|2010|2011|2012|2013|2014|2015|2016|2017|2018|2019|2020
Chevrolet,Tahoe,413,2399.00,81235.00,50539.77,2001|2002|2003|2004|2005|2007|2008|2009|2010|2011|2012|2013|2014|2015|2016|2017|2018|2019|2020|2021
Chevrolet,Blazer,458,1695.00,51945.00,35184.96,1991|1996|1999|2004|2019|2020|2021
Kia,Sorento,619,3499.00,48690.00,24137.61,2004|2007|2008|2009|2011|2012|2013|2014|2015|2016|2017|2018|2019|2020
RAM,1500,1390,4891.00,72900.00,40416.09,2011|2012|2013|2014|2015|2016|2017|2018|2019|2020
Dodge,Challenger,251,9900.00,149000.00,37480.73,1974|2008|2009|2010|2011|2012|2013|2014|2015|2016|2017|2018|2019|2020
Chevrolet,Impala,185,1500.00,40930.00,16412.68,1968|1996|2000|2001|2004|2006|2007|2008|2009|2010|2011|2012|2013|2014|2015|2016|2017|2018|2019|2020
Porsche,Cayenne,113,8990.00,160540.00,54992.42,2004|2008|2009|2010|2011|2012|2013|2014|2015|2016|2017|2018|2019|2020
Jaguar,F-PACE,185,27795.00,91650.00,48137.66,2017|2018|2019|2020
Mercedes-Benz,GLK-Class,42,5998.00,29995.00,14141.38,2010|2011|2012|2013|2014|2015
BMW,5 Series,761,3777.00,93435.00,39857.65,2003|2006|2007|2008|2009|2010|2011|2012|2013|2014|2015|2016|2017|2018|2019|2020|2021
Honda,Pilot,562,2750.00,50840.00,25936.87,2004|2005|2006|2007|2008|2009|2010|2011|2012|2013|2014|2015|2016|2017|2018|2019|2020|2021
Ford,E-Series,161,985.00,23600.00,10589.27,1997|1998|2002|2003|2004|2005|2006|2007|2008|2009|2010|2011|2012|2013|2014
Chrysler,Town & Country,121,1975.00,26900.00,8769.28,2004|2005|2006|2007|2008|2009|2010|2011|2012|2013|2014|2015|2016
Nissan,Altima,1168,1899.00,37640.00,17681.05,2001|2002|2003|2004|2005|2006|2007|2008|2009|2010|2011|2012|2013|2014|2015|2016|2017|2018|2019|2020
Ford,Transit Connect,391,4999.00,33649.00,24235.01,2010|2011|2012|2013|2014|2015|2016|2017|2018|2019|2020|2021
BMW,X3,727,4795.00,68820.00,39363.37,2006|2007|2008|2009|2010|2011|2012|2013|2014|2015|2016|2017|2018|2019|2020|2021
Mercedes-Benz,E-Class,593,2500.00,132150.00,35141.33,1995|2002|2003|2005|2006|2007|2008|2009|2010|2011|2012|2013|2014|2015|2016|2017|2018|2019|2020
Audi,A4,286,3995.00,53445.00,25345.02,2004|2005|2006|2007|2008|2009|2010|2011|2012|2013|2014|2015|2016|2017|2018|2019|2020
Nissan,Rogue Sport,453,12900.00,34345.00,21692.34,2017|2018|2019|2020
Kia,Soul EV,12,10980.00,15674.00,13188.33,2016|2017
Subaru,WRX,115,16000.00,35886.00,25392.77,2015|2016|2017|2018|2019|2020
Hyundai,Sonata,867,1599.00,35085.00,21048.73,2003|2005|2006|2007|2008|2009|2010|2011|2012|2013|2014|2015|2016|2017|2018|2019|2020|2021
Porsche,Panamera Hybrid,1,26995.00,26995.00,26995.00,2013
Jeep,Patriot,127,4700.00,20462.00,12073.18,2009|2010|2011|2012|2013|2014|2015|2016|2017
Mercedes-Benz,GL-Class,76,7495.00,43800.00,21920.59,2007|2008|2009|2010|2011|2012|2013|2014|2015|2016
Lexus,LS 460,19,10995.00,47369.00,26041.26,2007|2008|2009|2010|2011|2013|2014|2015|2016|2017
BMW,X4,84,20995.00,70270.00,44782.23,2015|2016|2017|2018|2019|2020|2021
Honda,Civic Coupe,129,1799.00,28999.00,12804.06,1999|2001|2002|2003|2004|2005|2006|2007|2008|2009|2010|2011|2012|2013|2014|2015|2016|2017|2018|2019
INFINITI,G35,19,2899.00,9995.00,6838.11,2004|2005|2006|2007|2008
Mercedes-Benz,Sprinter,199,14900.00,90999.00,52156.06,2010|2013|2014|2015|2016|2019|2020
Audi,Q5,402,8995.00,57670.00,35233.14,2009|2010|2011|2012|2013|2014|2015|2016|2017|2018|2019|2020
GMC,Canyon,66,3999.00,45900.00,29565.97,2004|2005|2006|2007|2008|2010|2011|2012|2015|2016|2017|2018|2019|2020|2021
Dodge,Journey,183,3460.00,29102.00,14650.49,2009|2010|2011|2012|2013|2014|2015|2016|2017|2018|2019|2020
Acura,MDX,548,2490.00,59675.00,35028.00,2001|2003|2004|2005|2006|2007|2008|2009|2010|2011|2012|2013|2014|2015|2016|2017|2018|2019|2020
Toyota,Tacoma,330,4999.00,49309.00,32249.25,1999|2002|2003|2004|2005|2006|2007|2008|2009|2010|2011|2012|2013|2014|2015|2016|2017|2018|2019|2020|2021
Nissan,Titan,69,4199.00,67800.00,29671.57,2004|2005|2006|2007|2008|2009|2010|2011|2012|2014|2015|2016|2017|2018|2019|2020
Audi,A3,133,5700.00,43820.00,22808.04,2006|2007|2009|2011|2012|2013|2015|2016|2017|2018|2019|2020
Maserati,Levante,134,34895.00,135994.00,83417.13,2017|2018|2019|2020
Ford,F-150,2732,2999.00,111024.00,41716.78,1993|1998|2000|2001|2002|2003|2004|2005|2006|2007|2008|2009|2010|2011|2012|2013|2014|2015|2016|2017|2018|2019|2020|2021
GMC,Savana Cargo,67,4999.00,41560.00,23260.93,2003|2004|2005|2007|2008|2011|2012|2013|2014|2015|2016|2017|2018|2019|2020
Acura,RSX,5,2499.00,4999.00,3597.40,2002|2003|2004
Jeep,Liberty,123,2495.00,14999.00,7204.02,2002|2003|2004|2005|2006|2007|2008|2009|2010|2011|2012
Toyota,Camry,1174,1660.00,38996.00,19791.45,1998|1999|2000|2001|2002|2003|2004|2005|2006|2007|2008|2009|2010|2011|2012|2013|2014|2015|2016|2017|2018|2019|2020
GMC,Yukon XL,106,3495.00,85795.00,45520.42,2003|2004|2006|2007|2008|2009|2010|2011|2013|2014|2015|2016|2017|2018|2019|2020|2021
Mercedes-Benz,S-Class,275,4000.00,187760.00,75571.21,2000|2002|2003|2004|2006|2007|2008|2009|2010|2011|2012|2013|2014|2015|2016|2017|2018|2019|2020
Mercedes-Benz,S-Class Coupe,24,48895.00,148740.00,84084.75,2015|2016|2017|2019
Cadillac,CTS,111,2999.00,51268.00,19820.07,2003|2004|2006|2008|2009|2010|2011|2012|2013|2014|2015|2016|2017|2018|2019
Ford,Edge,1192,2999.00,51130.00,30757.96,2007|2008|2009|2010|2011|2012|2013|2014|2015|2016|2017|2018|2019|2020
Subaru,XV Crosstrek,69,7495.00,19995.00,12709.58,2013|2014|2015
GMC,Acadia,461,6299.00,55675.00,28246.18,2007|2008|2009|2010|2011|2012|2013|2014|2015|2016|2017|2018|2019|2020|2021
INFINITI,Q70,11,17178.00,35000.00,25274.00,2014|2015|2016|2017
Kia,Sportage,1048,3995.00,41865.00,24917.43,2007|2008|2009|2010|2011|2012|2013|2014|2015|2016|2017|2018|2019|2020|2021
Toyota,RAV4,1497,3997.00,111111.00,22210.06,1999|2003|2004|2005|2006|2007|2008|2009|2010|2011|2012|2013|2014|2015|2016|2017|2018|2019|2020
Ford,Escape,1957,1999.00,40595.00,23874.77,2002|2005|2006|2007|2008|2009|2010|2011|2012|2013|2014|2015|2016|2017|2018|2019|2020
Chevrolet,Silverado 3500HD,28,17990.00,77915.00,39711.21,2008|2009|2011|2013|2014|2015|2016|2018|2019|2020
Kia,Sedona,159,1999.00,44715.00,25810.25,2006|2007|2008|2009|2010|2011|2012|2014|2015|2016|2017|2018|2019|2020|2021
Honda,Odyssey,400,1985.00,52995.00,23240.03,2003|2004|2005|2006|2007|2008|2009|2010|2011|2012|2013|2014|2015|2016|2017|2018|2019|2020|2021
Mercedes-Benz,SL-Class,67,6995.00,138528.00,70990.58,1974|1987|1989|1990|1992|1994|1995|2002|2003|2005|2007|2009|2013|2014|2015|2017|2019|2020
Lincoln,MKZ Hybrid,82,9995.00,49995.00,34338.54,2013|2014|2015|2016|2017|2018|2019|2020
Volkswagen,Golf,50,1999.00,25709.00,16619.60,2000|2010|2011|2012|2013|2015|2016|2017|2018|2019|2020
Cadillac,CTS-V,1,45949.00,45949.00,45949.00,2013
Hyundai,Santa Fe Sport,201,7000.00,34665.00,17467.81,2013|2014|2015|2016|2017|2018
Kia,Niro,108,13990.00,34985.00,24056.81,2017|2018|2019|2020
Ford,Fusion,1947,1590.00,38240.00,20998.04,2006|2007|2008|2009|2010|2011|2012|2013|2014|2015|2016|2017|2018|2019|2020
Ford,Focus,294,1999.00,21999.00,9618.23,2002|2003|2004|2005|2006|2007|2008|2009|2010|2011|2012|2013|2014|2015|2016|2017|2018
Volkswagen,Arteon,29,28997.00,49199.00,40711.72,2019|2020
Toyota,Highlander Hybrid,126,9500.00,51718.00,39983.46,2008|2009|2010|2011|2012|2013|2015|2017|2018|2019|2020
Lincoln,MKZ,564,2999.00,57060.00,37293.49,2007|2008|2009|2010|2011|2012|2013|2014|2015|2016|2017|2018|2019|2020
GMC,Sierra 1500,360,1399.00,71785.00,40111.99,1999|2001|2002|2003|2004|2005|2006|2007|2008|2009|2010|2011|2012|2013|2014|2015|2016|2017|2018|2019|2020
Volvo,XC70,30,1980.00,27987.00,10645.87,2003|2004|2005|2006|2007|2008|2009|2010|2011|2012|2013|2015|2016
Toyota,Prius v,19,7995.00,20126.00,12429.05,2012|2013|2014|2015|2016|2017
Dodge,Nitro,7,5495.00,9900.00,6822.71,2007|2008|2010|2011
RAM,2500,172,4980.00,83375.00,51614.66,2011|2012|2013|2014|2015|2016|2017|2018|2019|2020|2021
Subaru,Crosstrek,519,11995.00,33040.00,25695.26,2016|2017|2018|2019|2020|2021
Ford,Taurus,120,1780.00,29900.00,13202.92,2000|2002|2003|2004|2005|2006|2007|2008|2009|2010|2011|2012|2013|2014|2015|2016|2017|2018|2019
Toyota,Corolla,804,1799.00,28619.00,15544.79,1999|2001|2002|2003|2004|2005|2006|2007|2008|2009|2010|2011|2012|2013|2014|2015|2016|2017|2018|2019|2020|2021
Nissan,Xterra,30,3495.00,23899.00,11014.57,2004|2006|2007|2008|2009|2010|2011|2012|2013|2014|2015
Toyota,4Runner,180,2800.00,51113.00,34158.91,1997|1999|2000|2002|2003|2004|2005|2006|2007|2008|2009|2010|2011|2012|2013|2014|2015|2016|2017|2018|2019|2020|2021
Kia,Cadenza,25,12225.00,42676.00,24037.28,2014|2015|2016|2017|2018|2019|2020
Hyundai,Elantra GT,50,7900.00,29645.00,15718.24,2013|2014|2015|2016|2017|2018|2019|2020
Honda,HR-V,441,11495.00,30110.00,22085.85,2016|2017|2018|2019|2020
Subaru,Legacy,313,2695.00,37344.00,19175.61,2003|2004|2005|2006|2007|2009|2010|2011|2012|2013|2014|2015|2016|2017|2018|2019|2020
Jeep,Wrangler,143,5995.00,43870.00,26499.41,1994|1998|2001|2003|2004|2005|2008|2009|2010|2011|2012|2013|2014|2015|2016|2017|2018|2019|2020|2021
RAM,ProMaster,164,9985.00,53970.00,30855.11,2014|2015|2016|2017|2018|2019|2020|2021
Lincoln,MKC,169,14900.00,45115.00,25036.37,2015|2016|2017|2018|2019
Honda,Ridgeline,55,4195.00,45476.00,22766.25,2006|2007|2008|2010|2011|2012|2013|2014|2017|2018|2019|2020
Volvo,C70,6,1399.00,13000.00,7070.50,1999|2004|2008|2009|2012
Acura,TLX,295,14200.00,259881.00,28037.41,2015|2016|2017|2018|2019|2020
INFINITI,EX35,12,5750.00,15072.00,11390.67,2008|2010|2011|2012
Cadillac,XT6,193,48999.00,71295.00,59059.04,2020|2021
INFINITI,QX50,112,14995.00,61370.00,34998.21,2015|2016|2017|2019|2020
Cadillac,DTS,16,3999.00,10999.00,7141.75,2006|2007|2008|2009|2011
Chrysler,New Yorker,1,2999.00,2999.00,2999.00,1989
Mercury,Milan,10,3499.00,6990.00,5238.00,2006|2007|2009|2010|2011
Toyota,Sequoia,50,3077.00,71373.00,40078.02,2001|2002|2003|2004|2007|2008|2010|2011|2013|2014|2015|2016|2018|2019|2020
Toyota,FJ Cruiser,23,9999.00,35995.00,19908.52,2007|2009|2010|2012|2014
Volkswagen,Routan,10,4999.00,10990.00,7395.80,2009|2010|2011|2014
Lexus,ES 350,219,5500.00,35999.00,23415.57,2007|2008|2009|2010|2011|2012|2013|2014|2015|2016|2017|2018
INFINITI,G37,41,4495.00,17995.00,12162.34,2008|2009|2010|2011|2012|2013
Chevrolet,El Camino,1,9250.00,9250.00,9250.00,1978
Volvo,XC90,418,1999.00,91535.00,53862.17,2004|2005|2006|2007|2008|2009|2011|2012|2013|2014|2016|2017|2018|2019|2020|2021
Dodge,Avenger,30,3599.00,13995.00,6955.87,2008|2009|2010|2011|2012|2013|2014
Kia,Niro Hybrid Plug-In,18,20998.00,37760.00,33251.72,2019|2020
Jaguar,S-TYPE,2,2500.00,5999.00,4249.50,2000|2007
Chevrolet,Trailblazer,125,1499.00,32515.00,21191.06,2002|2003|2004|2005|2006|2007|2008|2009|2021
Volkswagen,Jetta SportWagen,31,3499.00,15999.00,10697.16,2009|2011|2012|2013|2014
Honda,Accord Coupe,63,1499.00,25881.00,12522.71,2002|2003|2005|2006|2007|2008|2009|2010|2011|2012|2013|2014|2015|2017
Kia,Niro EV,40,34995.00,47090.00,43416.75,2019|2020
Toyota,Matrix,27,2795.00,9700.00,6084.04,2004|2005|2006|2007|2008|2009|2010
Kia,Telluride,91,34090.00,54465.00,42941.08,2020|2021
Jeep,Gladiator,155,37098.00,89990.00,50437.35,2020|2021
Honda,Accord Hybrid,61,3000.00,36395.00,24057.56,2005|2014|2015|2017|2018|2019|2020
Chrysler,PT Cruiser,10,995.00,4999.00,3311.80,2002|2006|2008|2009
Acura,TL,63,1899.00,16980.00,9251.17,2001|2003|2004|2005|2006|2007|2008|2009|2010|2011|2012|2013|2014
Saab,9-5,7,1995.00,17988.00,7679.00,2002|2004|2007|2009|2010|2011
Toyota,Avalon,94,1999.00,45908.00,28335.96,2002|2003|2005|2006|2007|2010|2011|2012|2013|2014|2015|2016|2017|2018|2019|2020|2021
Hyundai,Palisade,104,36145.00,50315.00,46441.56,2020|2021
BMW,M3,42,11995.00,63880.00,40131.17,1999|2003|2004|2005|2006|2008|2011|2013|2016|2017|2018
Volvo,S40,7,3920.00,8995.00,6179.71,2006|2007|2009|2010|2011
Ford,Ranger,290,1750.00,47800.00,32434.98,1996|1998|2000|2001|2002|2003|2004|2005|2006|2007|2008|2009|2010|2011|2019|2020
Volkswagen,Atlas,209,22488.00,52344.00,39634.46,2018|2019|2021
Mitsubishi,Eclipse,6,1999.00,7995.00,3913.00,2003|2006|2007|2008|2011
BMW,M4,52,33590.00,115080.00,60150.63,2015|2016|2017|2018|2019|2020
Mercedes-Benz,Metris,31,17747.00,43977.00,31639.23,2016|2017|2018|2019|2020
MINI,Cooper,190,2200.00,39250.00,22278.04,2003|2004|2005|2006|2007|2008|2009|2010|2011|2012|2013|2014|2015|2016|2017|2018|2019|2020|2021
Audi,S4,45,8975.00,68755.00,40051.24,2000|2005|2007|2009|2010|2011|2013|2014|2018|2019|2020
Chevrolet,Malibu Maxx,3,1500.00,3394.00,2629.67,2004|2005
BMW,3 Series Gran Turismo,29,16995.00,37995.00,26082.83,2014|2015|2016|2017|2018
Chevrolet,Bolt EV,120,15982.00,44135.00,29395.81,2017|2019|2020
Audi,A8,57,5737.00,128215.00,66331.51,2002|2004|2006|2007|2008|2011|2012|2013|2014|2015|2016|2017|2018|2019|2020
BMW,5 Series Gran Turismo,17,13499.00,32995.00,22939.65,2010|2013|2014|2017
INFINITI,QX80,64,17995.00,88611.00,47617.22,2014|2015|2016|2017|2018|2019|2020|2021
BMW,M5,31,16942.00,125395.00,81080.19,2006|2012|2013|2014|2015|2016|2018|2019|2020|2021
Audi,RS 7,5,58000.00,72981.00,64351.00,2016|2017
Nissan,Sentra,678,1500.00,111111.00,13938.04,1996|2002|2003|2005|2006|2007|2008|2009|2010|2011|2012|2013|2014|2015|2016|2017|2018|2019|2020
Audi,S3,16,13980.00,54185.00,34349.12,2015|2016|2017|2018|2019|2020
Audi,Q3,151,17981.00,45770.00,33528.17,2015|2016|2017|2018|2019|2020|2021
Ford,F-250 Super Duty,247,3500.00,82440.00,39973.38,1999|2000|2001|2002|2003|2004|2005|2006|2007|2008|2009|2010|2011|2012|2013|2014|2015|2016|2017|2018|2019|2020
BMW,6 Series Gran Turismo,7,34995.00,49995.00,43650.43,2018|2019
RAM,5500 Chassis,30,30990.00,75098.00,54203.60,2011|2012|2013|2015|2016|2017|2018|2019|2020
Acura,MDX Hybrid Sport,8,31995.00,61145.00,49602.62,2017|2018|2020
Porsche,Macan,119,25950.00,94710.00,50381.40,2015|2016|2017|2018|2019|2020
BMW,1 Series,12,5995.00,16995.00,10740.17,2008|2010|2011|2012|2013
Buick,Encore,306,8500.00,35920.00,21447.57,2013|2014|2015|2016|2017|2018|2019|2020|2021
Chevrolet,Cruze Limited,21,8495.00,12880.00,10417.19,2016
Hyundai,Elantra Touring,10,1999.00,8030.00,6426.90,2009|2010|2011|2012
BMW,X5 M,43,19995.00,123795.00,80907.74,2010|2012|2016|2017|2018|2020|2021
Volkswagen,Golf R,11,14995.00,35995.00,26685.55,2012|2013|2015|2016|2017|2018
Chevrolet,C/K 1500,2,950.00,2899.00,1924.50,1997|1998
Lexus,CT Hybrid,16,7990.00,22799.00,14757.50,2011|2012|2013|2014|2015|2017
Lincoln,Continental,112,3995.00,89625.00,45464.21,1980|2002|2017|2018|2019|2020
INFINITI,QX70,15,15912.00,36999.00,29584.60,2014|2016|2017
Nissan,Versa,177,1899.00,22250.00,11538.35,2007|2008|2009|2010|2011|2012|2013|2015|2016|2017|2018|2019|2020
Toyota,Tundra,153,4499.00,56991.00,33851.89,2000|2002|2003|2004|2005|2006|2007|2008|2010|2011|2012|2013|2014|2015|2016|2017|2018|2019|2020|2021
Ford,Focus RS,10,29990.00,38999.00,32999.10,2016|2017|2018
Audi,A4 Avant,7,3299.00,10990.00,8008.43,2008|2010|2011|2012
Chevrolet,Caprice,1,4999.00,4999.00,4999.00,1993
Maserati,GranTurismo,20,31500.00,148000.00,59327.25,2008|2009|2010|2011|2013|2014|2015|2016|2017|2018|2019
Saturn,ION,5,3495.00,4975.00,4012.60,2003|2004|2007
BMW,M6,19,19995.00,128888.00,49195.47,2007|2008|2009|2010|2012|2014|2016|2017|2018|2019
Audi,TTS,3,35477.00,44999.00,40822.00,2017|2018
Mercedes-Benz,AMG GT,20,71800.00,229690.00,138995.85,2016|2017|2018|2019|2020
Chevrolet,Sonic,73,2995.00,22090.00,12596.08,2012|2013|2014|2015|2016|2017|2018|2019|2020
Nissan,Cube,3,3999.00,7900.00,5733.00,2010|2011|2014
Hyundai,Sonata Hybrid,41,6750.00,35733.00,22272.02,2011|2012|2013|2014|2015|2016|2017|2018|2019|2020
Ford,Transit Cargo,307,9985.00,426450.00,35593.75,2015|2016|2017|2018|2019|2020
Dodge,Stratus,4,1999.00,3995.00,2844.25,1998|2004|2006
Tesla,Model S,27,33500.00,79991.00,51270.22,2012|2013|2015|2016|2017|2018|2019
Fisker,Karma,1,33800.00,33800.00,33800.00,2012
INFINITI,M37,14,10146.00,18777.00,14120.00,2011|2012|2013
BMW,X7,92,63977.00,115845.00,85416.60,2019|2020|2021
Lincoln,Corsair,355,36545.00,58585.00,45312.66,2020|2021
Volvo,XC40,149,28575.00,48205.00,41664.71,2019|2020|2021
BMW,M2,8,41800.00,65855.00,56742.50,2017|2018|2019|2020|2021
BMW,X4 M,8,73290.00,86495.00,78894.12,2020|2021
Toyota,C-HR,129,16500.00,111111.00,22340.81,2018|2019|2020
Pontiac,G8,3,17500.00,29995.00,22598.33,2009
INFINITI,QX60 Hybrid,2,14995.00,27981.00,21488.00,2014|2015
Porsche,Cayenne E-Hybrid,8,43995.00,197990.00,82461.12,2017|2018|2019|2020
Lincoln,Nautilus,243,35500.00,64905.00,52372.97,2019|2020
INFINITI,Q50,375,5995.00,52940.00,26921.74,2014|2015|2016|2017|2018|2019|2020
Honda,Passport,73,29881.00,44900.00,38449.79,2019|2020
Lexus,RX,281,35658.00,64840.00,52218.11,2018|2019|2020
Genesis,G70,89,29000.00,54515.00,43747.21,2019|2020|2021
Nissan,Frontier,87,5499.00,35245.00,20678.53,2004|2005|2007|2008|2009|2010|2011|2012|2013|2014|2015|2016|2017|2018|2019|2020
Lexus,GX,87,15898.00,67735.00,43148.05,2010|2011|2012|2013|2014|2016|2017|2018|2019|2020
Audi,Q8,71,59590.00,102040.00,77760.08,2019|2020|2021
Chevrolet,Avalanche,21,3999.00,29000.00,13765.19,2002|2003|2004|2005|2007|2008|2009|2013
Dodge,Dakota,29,2799.00,13999.00,6432.17,2002|2003|2004|2005|2006|2007|2008|2009|2010
Volvo,S90,65,24999.00,71785.00,37807.34,2017|2018|2019|2020
Mitsubishi,Mirage G4,90,7499.00,18500.00,16122.11,2017|2018|2019|2020
MINI,Countryman,149,6495.00,46995.00,25981.81,2011|2012|2013|2014|2015|2016|2017|2018|2019|2020|2021
Toyota,86,5,18890.00,30566.00,23955.20,2017|2019|2020
Ferrari,California T,5,129714.00,178795.00,150799.80,2015|2016|2018
Kia,Optima Hybrid,5,6495.00,30280.00,12745.60,2011|2012|2013|2014|2017
Mitsubishi,Outlander Hybrid Plug-in,13,26499.00,40524.00,37333.85,2018|2019|2020
Pontiac,Vibe,16,2995.00,6800.00,4402.88,2003|2004|2005|2006|2007|2008|2009
Pontiac,Grand Prix,4,2499.00,13999.00,5873.50,1976|2004|2006|2008
Lamborghini,Huracan,7,165998.00,339990.00,217032.86,2015|2016|2017|2018|2020
Subaru,BRZ,13,11995.00,28143.00,19859.23,2013|2014|2015|2017|2019|2020
Hyundai,Ioniq Hybrid Plug-In,19,18991.00,34370.00,29842.05,2019|2020
Lincoln,Town Car,9,2500.00,9885.00,5272.44,1993|2002|2003|2006|2007|2008|2009|2011
Cadillac,ELR,3,18950.00,23999.00,21648.00,2014
Honda,Crosstour,14,8995.00,17975.00,13942.00,2012|2013|2014|2015
Subaru,Impreza WRX,19,6988.00,18991.00,14315.47,2005|2007|2008|2010|2011|2012|2013|2014
Kia,Forte Koup,6,4995.00,14759.00,8919.33,2010|2013|2015|2016
INFINITI,Q40,7,14885.00,18575.00,16373.00,2015
Land Rover,LR2,9,3199.00,16495.00,10741.11,2008|2009|2012|2013|2014|2015
Ford,F-450 Super Duty,54,8985.00,81745.00,50720.98,2005|2006|2007|2008|2011|2012|2013|2015|2016|2017|2018|2019|2020
Lexus,RX 400h,6,5999.00,10885.00,8910.33,2006|2007|2008
Alfa Romeo,Stelvio,169,22995.00,81440.00,42167.09,2018|2019|2020
Lexus,IS,137,4900.00,50050.00,32998.36,2004|2008|2016|2017|2018|2019|2020
Ford,C-Max Energi,19,7995.00,19699.00,13555.21,2013|2014|2015|2016|2017
Volkswagen,Atlas Cross Sport,143,30980.00,51869.00,41422.08,2020
Porsche,911,113,21675.00,329500.00,117131.43,1983|1987|1989|1991|1993|1995|1996|1997|1999|2002|2004|2005|2006|2007|2008|2009|2010|2011|2012|2013|2014|2015|2016|2017|2018|2019|2020|2021
Jaguar,XF,50,4995.00,66887.00,36994.02,2009|2011|2014|2015|2016|2017|2018|2019|2020
Bentley,Continental GTC,15,43899.00,178990.00,90107.60,2007|2008|2009|2012|2013|2014|2015|2016|2017
Tesla,Model 3,11,40995.00,52681.00,46932.45,2018|2019|2020
Toyota,Corolla iM,13,13800.00,17991.00,15729.69,2017|2018
Toyota,Camry Solara,14,1680.00,10439.00,6156.57,2001|2004|2005|2006|2007|2008
Nissan,LEAF,63,6995.00,45930.00,31918.44,2012|2013|2014|2016|2017|2018|2019|2020
BMW,X2,119,25477.00,52900.00,41303.58,2018|2019|2020|2021
Ford,Escape Hybrid,81,2999.00,39375.00,31814.72,2006|2008|2009|2010|2020
Toyota,Venza,51,7999.00,42869.00,20941.14,2009|2010|2011|2012|2013|2014|2015|2021
Lexus,ES,105,35761.00,53020.00,44919.64,2019|2020
Scion,tC,18,3995.00,14988.00,9159.72,2006|2008|2010|2011|2012|2013|2014|2015
Ford,F-350 Super Duty Chassis,67,14985.00,66195.00,43869.30,2010|2011|2012|2013|2014|2015|2016|2017|2019|2020
Subaru,Ascent,115,26995.00,48828.00,40347.43,2019|2020|2021
Chevrolet,Silverado Classic 2500HD,1,11900.00,11900.00,11900.00,2007
Mitsubishi,Lancer Evolution,5,24500.00,34995.00,29674.40,2003|2004|2013|2015
Lexus,NX,72,26794.00,47127.00,37338.28,2018|2019|2020|2021
Kia,Optima Hybrid Plug-In,3,15947.00,16985.00,16475.67,2017
Ford,Focus Electric,2,9295.00,12995.00,11145.00,2013|2017
Dodge,RAM 3500,5,8599.00,23900.00,16896.80,2002|2005|2007|2008
BMW,i3,27,11995.00,29998.00,21206.93,2014|2015|2016|2017|2018|2019
Buick,Envision,182,15777.00,46995.00,32470.65,2016|2017|2018|2019|2020
Chevrolet,Spark,66,3995.00,19395.00,13772.15,2013|2014|2015|2016|2017|2018|2020|2021
Bentley,Continental GT,14,36000.00,148500.00,90438.57,2004|2005|2006|2012|2013|2014|2015|2016|2017
Ford,Excursion,5,5399.00,21999.00,10977.40,2000|2003|2004|2005
Porsche,944,1,10995.00,10995.00,10995.00,1986
Chevrolet,Silverado 3500,3,9995.00,19800.00,14263.33,2001|2003|2005
Mercedes-Benz,B-Class,1,15995.00,15995.00,15995.00,2017
Honda,Clarity Hybrid Plug-In,6,19699.00,24199.00,21925.83,2018|2019
Mercedes-Benz,SLC-Class,22,27695.00,76395.00,56651.05,2017|2018|2019|2020
Mercedes-Benz,GLB-Class,145,37995.00,52475.00,45474.59,2020|2021
Nissan,Altima Coupe,14,2988.00,9800.00,7180.57,2008|2009|2010|2011|2012|2013
Buick,Cascada,4,20342.00,23995.00,22561.50,2016|2017
Lexus,LS 500,6,52995.00,90464.00,68009.83,2018|2019
Bentley,Mulsanne,5,88793.00,335995.00,159333.20,2012|2016|2019
Nissan,Quest,24,2495.00,14985.00,8083.33,2000|2002|2004|2007|2008|2009|2011|2012|2013|2015|2016|2017
Hummer,H3,9,6999.00,13975.00,9983.56,2006|2007|2008
Kia,Amanti,2,2899.00,4995.00,3947.00,2004|2007
GMC,Envoy XL,1,5995.00,5995.00,5995.00,2005
Dodge,Caliber,18,2199.00,6995.00,3767.72,2007|2008|2009|2010|2011
Hummer,H2,8,12995.00,20995.00,15924.50,2003|2004|2005|2006
Chrysler,Pacifica Hybrid,15,41490.00,51425.00,46882.93,2020
FIAT,500X,20,5995.00,31175.00,17505.25,2016|2017|2019|2020
Kia,Spectra,5,2995.00,3995.00,3296.80,2006|2007|2008|2009
Buick,Encore GX,314,22500.00,37240.00,28262.57,2020
INFINITI,JX35,14,9995.00,18995.00,15096.57,2013
Kia,Rondo,6,2399.00,4995.00,3727.17,2007|2008
GMC,Sonoma,1,4999.00,4999.00,4999.00,2001
Hyundai,Elantra Coupe,5,5999.00,9990.00,7321.60,2013|2014
Cadillac,ATS Coupe,17,15995.00,38137.00,24084.76,2015|2016|2017|2019
Lexus,GS 300,4,6995.00,9995.00,8545.00,2006
Ford,Explorer Sport Trac,16,2899.00,10495.00,6239.00,2001|2003|2004|2005|2007|2008
INFINITI,Q50 Hybrid,4,15998.00,28560.00,22138.25,2014|2015|2017
Lotus,Elise,2,30000.00,35900.00,32950.00,2000|2005
Toyota,Land Cruiser,12,8888.00,89365.00,62925.08,1990|2003|2004|2007|2013|2020
Volvo,XC,1,1799.00,1799.00,1799.00,2002
Pontiac,G6,14,1500.00,6990.00,4180.00,2006|2007|2008|2009|2010
Mazda,Protege,1,3499.00,3499.00,3499.00,1996
Suzuki,Aerio,2,3999.00,4977.00,4488.00,2006
Ford,Freestar,2,3991.00,4500.00,4245.50,2005
Lexus,GX 470,14,9000.00,17975.00,12288.71,2004|2005|2006|2007|2008|2009
Kia,Sephia,2,795.00,1495.00,1145.00,2000|2001
Lexus,ES Hybrid,44,34972.00,51895.00,49201.32,2019|2020
Lexus,RC,11,40598.00,55820.00,50724.45,2019|2020
Lexus,HS 250h,1,10000.00,10000.00,10000.00,2010
Audi,S8,8,35990.00,164845.00,120152.50,2013|2017|2020
Spyker,C8,1,305500.00,305500.00,305500.00,2010
Rolls-Royce,Dawn,3,198000.00,272995.00,231998.33,2016|2017|2018
Mercedes-Benz,SLR McLaren,1,859000.00,859000.00,859000.00,2009
Rolls-Royce,Phantom,2,155888.00,449995.00,302941.50,2011|2018
Lamborghini,Urus,3,238995.00,279999.00,257329.67,2019|2020
Bentley,Flying Spur,12,71440.00,148500.00,95643.58,2014|2015|2016|2018
Rolls-Royce,Wraith,8,152500.00,259995.00,190471.25,2014|2015|2016|2017|2018
Porsche,Panamera E-Hybrid,4,76555.00,153995.00,121500.00,2018|2020
Saab,9-3 SportCombi,2,5895.00,7900.00,6897.50,2008
Aston Martin,Rapide,1,89668.00,89668.00,89668.00,2016
Honda,CR-V Hybrid,35,28870.00,37170.00,32699.80,2020
Chevrolet,Monte Carlo,3,6695.00,24990.00,13226.67,1987|2002|2006
McLaren,MP4-12C,1,104942.00,104942.00,104942.00,2012
GMC,Safari Cargo,2,4995.00,5895.00,5445.00,2001|2005
Mercury,Mariner Hybrid,2,2495.00,3420.00,2957.50,2008|2009
RAM,C/V,3,3680.00,8900.00,6493.33,2013|2014
Buick,Century,3,1499.00,5500.00,2993.00,1999|2001|2003
Mercedes-Benz,CL-Class,3,14999.00,18988.00,17525.67,2009|2010
Nissan,NV Passenger,3,38464.00,42308.00,40190.67,2019|2020
Saturn,S-Series,5,1500.00,6999.00,3137.60,2000|2001|2002
Pontiac,Sunfire,1,1299.00,1299.00,1299.00,2002
Toyota,Celica,1,3499.00,3499.00,3499.00,2003
Ford,E-Series Chassis,18,5995.00,57295.00,32122.00,2009|2015|2016|2021
Chevrolet,Bel Air,3,49975.00,79000.00,66323.33,1955|1957|1962
Bentley,Continental Flying Spur,7,23900.00,53800.00,39863.86,2006|2007|2011
Chevrolet,Corvair,1,11995.00,11995.00,11995.00,1964
Lexus,RC F,3,46999.00,68448.00,56779.00,2015|2019
Chevrolet,S-10,6,2599.00,15499.00,5831.17,1984|1997|1998|2002|2003
Oldsmobile,Toronado,1,22995.00,22995.00,22995.00,1966
Chevrolet,Chevelle,3,32500.00,70000.00,47498.33,1969|1970|1972
Ferrari,California,2,98999.00,117777.00,108388.00,2013|2014
Subaru,Baja,5,5995.00,10590.00,8412.00,2005|2006
Saturn,Sky,4,6995.00,12997.00,8860.50,2007|2008|2009
Buick,LeSabre,3,2444.00,4995.00,4144.67,2000|2001
Ferrari,F12 Berlinetta,3,182990.00,230905.00,211965.00,2014|2017
Volkswagen,Rabbit,8,1895.00,8995.00,4413.88,2006|2007|2008|2009
Cadillac,XLR,5,15940.00,22990.00,18582.00,2004|2005|2006
Chevrolet,Trailblazer EXT,4,1795.00,5500.00,3947.50,2003|2005|2006
Ferrari,812 Superfast,3,348000.00,529997.00,414997.33,2019|2020
Pontiac,GTO,4,13988.00,39950.00,24727.25,1970|2004|2006
Dodge,Viper,3,53995.00,84999.00,68996.33,2000|2008|2010
Volkswagen,R32,3,11499.00,13975.00,12764.00,2008
Lincoln,Mark VII,1,11975.00,11975.00,11975.00,1988
Ferrari,GTC4Lusso,4,221000.00,350698.00,302174.50,2018|2019|2020
Honda,Civic Hybrid,6,2495.00,13975.00,8657.83,2003|2005|2010|2014|2015
Porsche,Taycan,12,135010.00,206950.00,165574.17,2020
Cadillac,Escalade Hybrid,1,22975.00,22975.00,22975.00,2011
Audi,RS 5,7,30995.00,92990.00,70817.71,2014|2018|2019
Lincoln,Mark LT,4,12995.00,23990.00,17118.75,2007|2008
MINI,Cooper Paceman,3,12990.00,13999.00,13329.67,2013|2014|2015
Suzuki,XL-7,4,1500.00,5995.00,3573.50,2002|2004|2009
Mercedes-Benz,CLK-Class,8,5995.00,12995.00,8482.88,2000|2003|2004|2005|2006|2007
Audi,e-tron,19,54747.00,84015.00,73426.47,2019|2020
Audi,A6 Allroad,11,68265.00,81560.00,73312.73,2020
Audi,Q5 Hybrid Plug-in,10,55840.00,61965.00,58298.50,2020
Oldsmobile,Delta 88,1,24000.00,24000.00,24000.00,1966
Chevrolet,Nova,2,26950.00,33500.00,30225.00,1968|1969
Acura,Vigor,1,6500.00,6500.00,6500.00,1993
Ford,Crown Victoria,6,1595.00,4995.00,2961.83,1997|2000|2003|2006|2011
Subaru,XV Crosstrek Hybrid,5,10000.00,15999.00,12695.20,2014
Maserati,GranSport,1,25995.00,25995.00,25995.00,2005
INFINITI,G25,6,4877.00,11981.00,8765.50,2011
Chevrolet,Silverado 3500HD Chassis,4,43433.00,51352.00,46621.50,2020
Maybach,57,2,42995.00,43894.00,43444.50,2006|2007
RAM,4500 Chassis,2,29999.00,39999.00,34999.00,2011|2018
INFINITI,G20,1,4679.00,4679.00,4679.00,1999
Suzuki,Equator,1,9495.00,9495.00,9495.00,2012
Acura,ILX Hybrid,1,13500.00,13500.00,13500.00,2013
Chevrolet,Uplander,1,1999.00,1999.00,1999.00,2007
MINI,Roadster,1,12490.00,12490.00,12490.00,2012
Chevrolet,SSR,2,24800.00,29195.00,26997.50,2004
Nissan,Pathfinder Hybrid,1,16000.00,16000.00,16000.00,2014
Volvo,C30,2,5700.00,6991.00,6345.50,2008|2011
Cadillac,ATS-V,2,36970.00,38995.00,37982.50,2016
Cadillac,Brougham,1,3995.00,3995.00,3995.00,1991
Ford,LTD Crown Victoria,1,3995.00,3995.00,3995.00,1990
Ford,Bronco,2,9995.00,33655.00,21825.00,1993|2021
Lexus,GS F,2,44495.00,89638.00,67066.50,2016|2020
Volkswagen,Super Beetle,1,19995.00,19995.00,19995.00,1978
Buick,Reatta,1,12995.00,12995.00,12995.00,1990
Mazda,MAZDASPEED3,3,6025.00,14990.00,11337.67,2007|2011|2013
Ford,Taurus X,1,2495.00,2495.00,2495.00,2008
Land Rover,Range Rover Hybrid Plug-in,3,102352.00,109270.00,104847.33,2020
Mazda,RX-7,2,14995.00,45995.00,30495.00,1988|1993
Kia,K900,4,54861.00,58896.00,56853.00,2020
Aston Martin,Vanquish,1,116900.00,116900.00,116900.00,2014
Aston Martin,DBS,3,89900.00,375336.00,272724.00,2010|2020
Ford,Econoline Wagon,3,9900.00,22995.00,16628.33,2012|2013
Cadillac,Fleetwood,1,8995.00,8995.00,8995.00,1994
Toyota,Prius Plug-In,4,9950.00,11900.00,10978.25,2012|2013|2014
Ford,Windstar,1,3000.00,3000.00,3000.00,2002
Mercury,Mountaineer,4,2995.00,6999.00,5096.00,2003|2004|2006|2007
Dodge,RAM 3500 Chassis,1,15990.00,15990.00,15990.00,2008
Lexus,UX,2,29156.00,34055.00,31605.50,2019|2020
Mercury,Montego,1,4295.00,4295.00,4295.00,2007
Volvo,V70,1,4995.00,4995.00,4995.00,2000
Hyundai,Equus,3,8977.00,21900.00,15290.67,2011|2013|2016
Ferrari,550,1,164995.00,164995.00,164995.00,2001
Ford,Mustang Mach-E,2,53800.00,59200.00,56500.00,2021
Ford,Freestyle,2,4900.00,4900.00,4900.00,2005
Mercury,Capri,1,5800.00,5800.00,5800.00,1994
Chevrolet,Express Chassis,1,32218.00,32218.00,32218.00,2020
Porsche,Carrera GT,1,819000.00,819000.00,819000.00,2005
Mitsubishi,Eclipse Spyder,2,2995.00,4900.00,3947.50,1998|2003
Mercedes-Benz,250,1,67000.00,67000.00,67000.00,1967
Ferrari,308,2,50990.00,125000.00,87995.00,1981|1983
Lexus,LC Hybrid,1,76888.00,76888.00,76888.00,2018
Oldsmobile,Alero,2,1495.00,1900.00,1697.50,2002|2003
Lamborghini,Gallardo,1,105995.00,105995.00,105995.00,2008
Saab,9-7X,1,5999.00,5999.00,5999.00,2008
Dodge,Caravan,2,2500.00,3495.00,2997.50,2003|2006
Lexus,LS 500h,1,65378.00,65378.00,65378.00,2018
Cadillac,Allante,1,8995.00,8995.00,8995.00,1993
Pontiac,Torrent,2,3800.00,7444.00,5622.00,2006|2008
Aston Martin,V12 Vanquish,1,62995.00,62995.00,62995.00,2003
GMC,Sierra 3500HD Chassis,1,40577.00,40577.00,40577.00,2020
Kia,Borrego,1,6495.00,6495.00,6495.00,2009
Audi,RS 4,1,26995.00,26995.00,26995.00,2007
Chevrolet,C/K 3500,1,6595.00,6595.00,6595.00,1994
Buick,Park Avenue,1,2700.00,2700.00,2700.00,2003
Porsche,928,1,12999.00,12999.00,12999.00,1986
Plymouth,Prowler,1,34950.00,34950.00,34950.00,2000
Buick,Electra,1,18950.00,18950.00,18950.00,1968
GMC,Sierra 1500 Limited,1,39775.00,39775.00,39775.00,2019
Saturn,L-Series,1,2799.00,2799.00,2799.00,2003
Chevrolet,Venture,1,2500.00,2500.00,2500.00,2003
Mercedes-Benz,380-Class,1,15990.00,15990.00,15990.00,1982
MINI,Cooper Coupe,1,14990.00,14990.00,14990.00,2013
Toyota,MR2 Spyder,1,11995.00,11995.00,11995.00,2001
