Acura	ILX,83,7995.0,31305.0,20987,[2013, 2015, 2016, 2017, 2018, 2019, 2020]
Acura	ILX Hybrid,1,13500.0,13500.0,13500,[2013]
Acura	Legend,2,6900.0,7995.0,7447,[1993, 1994]
Acura	MDX,295,3995.0,59675.0,35429,[2001, 2003, 2005, 2006, 2007, 2008, 2009, 2010, 2011, 2012, 2013, 2014, 2015, 2016, 2017, 2018, 2019, 2020]
Acura	MDX Hybrid Sport,3,31995.0,60775.0,49065,[2018, 2020]
Acura	RDX,153,7693.0,49525.0,27197,[2008, 2009, 2010, 2011, 2012, 2013, 2014, 2015, 2016, 2017, 2018, 2019, 2020, 2021]
Acura	RL,5,5990.0,9458.0,7818,[1997, 2000, 2007, 2009, 2011]
Acura	RLX,8,22999.0,55925.0,43724,[2015, 2016, 2020]
Acura	RLX Hybrid Sport,5,29995.0,58457.0,48873,[2016, 2018, 2020]
Acura	RSX,5,2499.0,4999.0,3597,[2002, 2003, 2004]
Acura	TL,31,1899.0,14995.0,9280,[2003, 2004, 2005, 2008, 2009, 2010, 2012, 2013, 2014]
Acura	TLX,211,14200.0,44195.0,27569,[2015, 2016, 2017, 2018, 2019, 2020]
Acura	TSX,20,2995.0,14575.0,9860,[2005, 2006, 2007, 2009, 2010, 2011, 2012, 2013, 2014]
Acura	Vigor,1,6500.0,6500.0,6500,[1993]
Alfa Romeo	4C,1,97579.0,97579.0,97579,[2015]
Alfa Romeo	Giulia,91,23905.0,52740.0,40844,[2017, 2018, 2019, 2020]
Alfa Romeo	Stelvio,110,26905.0,81440.0,43229,[2018, 2019, 2020]
Aston Martin	DB7,1,40750.0,40750.0,40750,[2003]
Aston Martin	DB9,1,39994.0,39994.0,39994,[2005]
Aston Martin	Rapide,1,89668.0,89668.0,89668,[2016]
Aston Martin	V8 Vantage,1,60500.0,60500.0,60500,[2011]
Audi	A3,67,5700.0,43820.0,20444,[2006, 2007, 2011, 2012, 2013, 2015, 2016, 2017, 2018, 2019, 2020]
Audi	A3 Sportback,1,19999.0,19999.0,19999,[2017]
Audi	A4,124,3995.0,44430.0,20744,[2005, 2006, 2007, 2008, 2009, 2010, 2011, 2012, 2013, 2014, 2015, 2016, 2017, 2018, 2019, 2020]
Audi	A4 Allroad,11,17995.0,52495.0,34753,[2014, 2015, 2018, 2019, 2020]
Audi	A4 Avant,3,3795.0,10990.0,7926,[2008, 2010, 2011]
Audi	A5,28,7999.0,54935.0,24917,[2010, 2011, 2012, 2013, 2014, 2015, 2016, 2017, 2018, 2019, 2020]
Audi	A5 Sportback,17,24100.0,51630.0,34671,[2018, 2019, 2020]
Audi	A6,104,3400.0,69300.0,32462,[2004, 2007, 2008, 2010, 2011, 2012, 2013, 2014, 2015, 2016, 2017, 2018, 2019, 2020]
Audi	A6 Allroad,2,72100.0,73860.0,72980,[2020]
Audi	A7,22,14950.0,69981.0,32824,[2012, 2013, 2014, 2015, 2016, 2017, 2018, 2019, 2020]
Audi	A8,32,5737.0,124965.0,49629,[2002, 2004, 2006, 2007, 2008, 2012, 2013, 2014, 2015, 2016, 2017, 2018, 2019, 2020]
Audi	A8 Hybrid Plug-In,2,104750.0,112250.0,108500,[2020]
Audi	Q3,39,17981.0,44090.0,30494,[2015, 2016, 2017, 2018, 2019, 2020]
Audi	Q5,125,9995.0,52350.0,29676,[2009, 2010, 2011, 2012, 2013, 2014, 2015, 2016, 2017, 2018, 2019, 2020]
Audi	Q5 Hybrid Plug-in,1,58150.0,58150.0,58150,[2020]
Audi	Q7,89,5500.0,66290.0,37829,[2007, 2008, 2010, 2012, 2013, 2014, 2015, 2017, 2018, 2019, 2020]
Audi	Q8,20,60995.0,93405.0,75529,[2019, 2020]
Audi	R8,6,59495.0,225445.0,156896,[2011, 2014, 2018, 2020]
Audi	RS 3,3,50958.0,55998.0,53477,[2018, 2019]
Audi	RS 5,1,65750.0,65750.0,65750,[2019]
Audi	RS 6,1,14990.0,14990.0,14990,[2003]
Audi	RS 7,2,58900.0,72981.0,65940,[2016]
Audi	RS Q8,1,134950.0,134950.0,134950,[2020]
Audi	S3,7,28900.0,36995.0,32181,[2015, 2017, 2018, 2019]
Audi	S4,23,8975.0,59145.0,34275,[2000, 2005, 2009, 2011, 2014, 2018, 2019, 2020]
Audi	S5,14,16082.0,51999.0,34671,[2010, 2011, 2016, 2017, 2018]
Audi	S5 Sportback,14,34481.0,46990.0,42873,[2018]
Audi	S6,15,29881.0,86420.0,53108,[2016, 2017, 2018, 2020]
Audi	S7,6,26942.0,59999.0,41954,[2014, 2015, 2016, 2017]
Audi	S8,2,64495.0,138345.0,101420,[2017, 2020]
Audi	SQ5,16,36500.0,64740.0,45940,[2017, 2018, 2019, 2020]
Audi	TT,6,7990.0,41995.0,23993,[2001, 2009, 2017, 2018, 2019]
Audi	TT RS,2,36826.0,78620.0,57723,[2013, 2020]
Audi	TTS,3,35477.0,44999.0,40822,[2017, 2018]
Audi	e-tron,4,59491.0,80075.0,69906,[2019, 2020]
BMW	1 Series,8,5995.0,14495.0,9502,[2008, 2010, 2011, 2012, 2013]
BMW	2 Series,76,16995.0,54035.0,40622,[2015, 2016, 2017, 2018, 2020, 2021]
BMW	3 Series,627,2000.0,63295.0,30538,[1996, 2002, 2003, 2004, 2005, 2006, 2007, 2008, 2009, 2010, 2011, 2012, 2013, 2014, 2015, 2016, 2017, 2018, 2019, 2020, 2021]
BMW	3 Series Gran Turismo,16,16995.0,37995.0,25490,[2015, 2016, 2017, 2018]
BMW	4 Series,130,15495.0,66535.0,28545,[2014, 2015, 2016, 2017, 2018, 2019, 2020]
BMW	5 Series,383,3777.0,93435.0,39494,[2003, 2007, 2008, 2010, 2011, 2012, 2013, 2014, 2015, 2016, 2017, 2018, 2019, 2020, 2021]
BMW	5 Series Gran Turismo,12,13499.0,32995.0,23186,[2010, 2013, 2017]
BMW	6 Series,50,12995.0,69988.0,35335,[2008, 2009, 2012, 2013, 2014, 2015, 2016, 2017, 2018, 2019]
BMW	6 Series Gran Turismo,2,35995.0,37995.0,36995,[2018]
BMW	7 Series,110,6500.0,168475.0,54280,[2007, 2009, 2011, 2012, 2013, 2014, 2015, 2016, 2017, 2018, 2019, 2020, 2021]
BMW	8 Series,30,89895.0,123045.0,104791,[2019, 2020, 2021]
BMW	M2,7,41800.0,65855.0,58635,[2018, 2019, 2020, 2021]
BMW	M3,29,11995.0,58894.0,40743,[1999, 2003, 2004, 2005, 2006, 2008, 2011, 2013, 2016, 2017, 2018]
BMW	M4,33,36990.0,86795.0,57019,[2015, 2016, 2017, 2018, 2019, 2020]
BMW	M5,23,16942.0,119370.0,76490,[2006, 2012, 2014, 2015, 2016, 2018, 2019, 2020, 2021]
BMW	M6,12,19995.0,57800.0,36341,[2007, 2008, 2009, 2010, 2014, 2016, 2017]
BMW	M8,30,133095.0,175045.0,152015,[2020, 2021]
BMW	X1,173,8995.0,46175.0,30192,[2013, 2014, 2015, 2016, 2017, 2018, 2019, 2020, 2021]
BMW	X2,80,28333.0,52120.0,41201,[2018, 2019, 2020, 2021]
BMW	X3,377,5995.0,66920.0,38655,[2007, 2008, 2009, 2010, 2011, 2012, 2013, 2014, 2015, 2016, 2017, 2018, 2019, 2020, 2021]
BMW	X3 M,17,66800.0,84395.0,78121,[2020, 2021]
BMW	X4,45,20995.0,68045.0,42208,[2015, 2016, 2017, 2018, 2019, 2020, 2021]
BMW	X4 M,3,73900.0,86495.0,80613,[2020, 2021]
BMW	X5,330,3800.0,103195.0,46756,[2003, 2006, 2007, 2009, 2010, 2011, 2012, 2013, 2014, 2015, 2016, 2017, 2018, 2019, 2020, 2021]
BMW	X5 M,18,19995.0,123795.0,82651,[2010, 2012, 2016, 2017, 2018, 2020, 2021]
BMW	X6,58,16895.0,100245.0,49352,[2009, 2011, 2012, 2013, 2014, 2015, 2016, 2017, 2018, 2019, 2020, 2021]
BMW	X6 M,10,25495.0,124125.0,61673,[2011, 2012, 2013, 2015, 2017, 2020, 2021]
BMW	X7,62,63977.0,115045.0,84709,[2019, 2020, 2021]
BMW	Z3,1,7995.0,7995.0,7995,[1997]
BMW	Z4,9,22897.0,69345.0,57628,[2012, 2019, 2020]
BMW	Z4 M,1,16495.0,16495.0,16495,[2008]
BMW	i3,19,11995.0,29998.0,20939,[2014, 2015, 2016, 2017, 2018, 2019]
BMW	i8,4,48995.0,94800.0,68922,[2015, 2019]
Bentley	Bentayga,8,131800.0,235995.0,164104,[2017, 2018, 2019]
Bentley	Continental Flying Spur,2,39970.0,53800.0,46885,[2006, 2007]
Bentley	Continental GT,8,47990.0,148500.0,103332,[2005, 2013, 2015, 2016, 2017]
Bentley	Continental GTC,11,43899.0,151888.0,85792,[2007, 2008, 2009, 2012, 2013, 2014, 2015, 2016, 2017]
Bentley	Flying Spur,11,71440.0,148500.0,96165,[2014, 2015, 2016, 2018]
Bentley	Mulsanne,3,107995.0,335995.0,194292,[2012, 2016, 2019]
Buick	Cascada,2,20342.0,23000.0,21671,[2016, 2017]
Buick	Century,1,1980.0,1980.0,1980,[2003]
Buick	Enclave,82,5499.0,60285.0,28755,[2008, 2009, 2010, 2011, 2012, 2013, 2014, 2015, 2016, 2017, 2018, 2019, 2020]
Buick	Encore,97,10884.0,30450.0,19370,[2013, 2014, 2015, 2016, 2017, 2018, 2019, 2020]
Buick	Encore GX,74,22500.0,37240.0,29076,[2020]
Buick	Envision,48,18600.0,46995.0,33677,[2017, 2018, 2019, 2020]
Buick	LaCrosse,26,2999.0,29000.0,16307,[2005, 2006, 2007, 2010, 2011, 2012, 2014, 2015, 2016, 2017, 2018]
Buick	LeSabre,1,4995.0,4995.0,4995,[2001]
Buick	Lucerne,4,2999.0,9985.0,5620,[2007, 2008, 2010]
Buick	Reatta,1,12995.0,12995.0,12995,[1990]
Buick	Regal,17,6900.0,22895.0,17150,[2011, 2013, 2014, 2015, 2016, 2017]
Buick	Riviera,1,7500.0,7500.0,7500,[1989]
Buick	Roadmaster,2,3995.0,6900.0,5447,[1994, 1996]
Buick	Special,1,19995.0,19995.0,19995,[1940]
Buick	Verano,12,8995.0,18500.0,13420,[2012, 2013, 2014, 2016, 2017]
Cadillac	ATS,30,11395.0,27995.0,20775,[2013, 2014, 2015, 2016, 2017, 2018]
Cadillac	ATS Coupe,7,15995.0,38137.0,22575,[2015, 2016, 2017, 2019]
Cadillac	ATS-V,1,36970.0,36970.0,36970,[2016]
Cadillac	Brougham,1,3995.0,3995.0,3995,[1991]
Cadillac	CT4,56,35590.0,55310.0,44914,[2020]
Cadillac	CT5,62,40357.0,65350.0,48681,[2020]
Cadillac	CT6,29,24440.0,64799.0,42195,[2016, 2017, 2018, 2019, 2020]
Cadillac	CTS,55,2999.0,51268.0,19958,[2004, 2008, 2009, 2010, 2011, 2012, 2013, 2014, 2015, 2016, 2017, 2018, 2019]
Cadillac	CTS Coupe,4,8899.0,17999.0,14649,[2011, 2012, 2013]
Cadillac	CTS-V,1,45949.0,45949.0,45949,[2013]
Cadillac	DTS,11,3999.0,10999.0,7337,[2006, 2007, 2008, 2009, 2011]
Cadillac	DeVille,2,5495.0,24500.0,14997,[1967, 2004]
Cadillac	ELR,3,18950.0,23999.0,21648,[2014]
Cadillac	Eldorado,2,4995.0,36999.0,20997,[1966, 2000]
Cadillac	Escalade,105,8995.0,96590.0,65996,[2005, 2007, 2008, 2009, 2010, 2011, 2012, 2014, 2015, 2016, 2017, 2018, 2019, 2020]
Cadillac	Escalade ESV,66,6999.0,99860.0,58573,[2007, 2008, 2009, 2010, 2011, 2012, 2013, 2014, 2015, 2016, 2017, 2018, 2019, 2020]
Cadillac	Escalade EXT,2,13995.0,16499.0,15247,[2007, 2010]
Cadillac	Escalade Hybrid,1,22975.0,22975.0,22975,[2011]
Cadillac	SRX,39,2497.0,25497.0,12979,[2004, 2005, 2008, 2009, 2010, 2011, 2012, 2013, 2014, 2015, 2016]
Cadillac	STS,2,4899.0,4995.0,4947,[2007, 2009]
Cadillac	XLR,1,15940.0,15940.0,15940,[2004]
Cadillac	XT4,46,31339.0,55325.0,43753,[2019, 2020]
Cadillac	XT5,238,20495.0,66320.0,44922,[2017, 2018, 2019, 2020, 2021]
Cadillac	XT6,98,48999.0,71245.0,58889,[2020, 2021]
Cadillac	XTS,28,8995.0,43167.0,21792,[2013, 2014, 2015, 2016, 2017, 2018, 2019]
Chevrolet	Astro,1,6695.0,6695.0,6695,[2005]
Chevrolet	Astro Cargo,2,4895.0,5995.0,5445,[2005]
Chevrolet	Avalanche,16,3999.0,29000.0,13166,[2002, 2003, 2004, 2005, 2007, 2008, 2013]
Chevrolet	Aveo,2,2699.0,3469.0,3084,[2007, 2009]
Chevrolet	Bel Air,2,49975.0,69995.0,59985,[1955, 1957]
Chevrolet	Blazer,133,7990.0,51945.0,35375,[1991, 1999, 2019, 2020, 2021]
Chevrolet	Bolt EV,28,15982.0,42909.0,26116,[2017, 2020]
Chevrolet	C/K 1500,1,2899.0,2899.0,2899,[1997]
Chevrolet	Camaro,90,6995.0,69375.0,27619,[1967, 1968, 1969, 1970, 1989, 1994, 1996, 2010, 2011, 2012, 2013, 2014, 2015, 2016, 2017, 2018, 2019, 2020, 2021]
Chevrolet	Caprice,1,4999.0,4999.0,4999,[1993]
Chevrolet	Captiva Sport,5,5499.0,10999.0,8677,[2013, 2014]
Chevrolet	Chevelle,3,32500.0,70000.0,47498,[1969, 1970, 1972]
Chevrolet	Cobalt,10,1894.0,4500.0,3227,[2005, 2006, 2007, 2008, 2009]
Chevrolet	Colorado,133,2999.0,47335.0,24304,[2004, 2005, 2006, 2007, 2008, 2009, 2010, 2011, 2012, 2015, 2016, 2017, 2018, 2019, 2020, 2021]
Chevrolet	Corvair,1,11995.0,11995.0,11995,[1964]
Chevrolet	Corvette,52,7995.0,115000.0,37059,[1963, 1966, 1978, 1980, 1988, 1990, 1991, 1992, 1993, 1995, 1998, 2001, 2002, 2003, 2004, 2006, 2007, 2008, 2009, 2012, 2013, 2014, 2015, 2016, 2017, 2019, 2020]
Chevrolet	Cruze,169,3199.0,18000.0,11602,[2011, 2012, 2013, 2014, 2015, 2016, 2017, 2018, 2019]
Chevrolet	Cruze Limited,10,8495.0,12880.0,10501,[2016]
Chevrolet	El Camino,1,9250.0,9250.0,9250,[1978]
Chevrolet	Equinox,987,2399.0,39162.0,23808,[2005, 2006, 2007, 2008, 2010, 2011, 2012, 2013, 2014, 2015, 2016, 2017, 2018, 2019, 2020]
Chevrolet	Express,33,8900.0,50103.0,20043,[2002, 2003, 2005, 2009, 2010, 2012, 2013, 2014, 2015, 2016, 2017, 2018, 2019, 2020]
Chevrolet	Express Cargo,38,3695.0,36580.0,15610,[2001, 2004, 2006, 2007, 2008, 2009, 2011, 2012, 2013, 2014, 2015, 2016, 2017, 2018, 2019, 2020]
Chevrolet	HHR,8,2995.0,7495.0,4590,[2006, 2007, 2009, 2011]
Chevrolet	Impala,79,1500.0,36710.0,13973,[1996, 2000, 2001, 2006, 2007, 2008, 2009, 2010, 2011, 2012, 2013, 2014, 2015, 2016, 2017, 2018, 2019, 2020]
Chevrolet	Impala Limited,7,5495.0,11795.0,8740,[2014, 2015, 2016]
Chevrolet	Malibu,224,2395.0,31640.0,16166,[2002, 2006, 2007, 2008, 2009, 2010, 2011, 2012, 2013, 2014, 2015, 2016, 2017, 2018, 2019, 2020]
Chevrolet	Malibu Hybrid,4,4693.0,19900.0,13271,[2009, 2016, 2017]
Chevrolet	Malibu Maxx,3,1500.0,3394.0,2629,[2004, 2005]
Chevrolet	Monte Carlo,1,6695.0,6695.0,6695,[2006]
Chevrolet	Nova,1,33500.0,33500.0,33500,[1968]
Chevrolet	S-10,3,2599.0,3995.0,3197,[1997, 1998, 2003]
Chevrolet	SS,1,38000.0,38000.0,38000,[2014]
Chevrolet	SSR,1,24800.0,24800.0,24800,[2004]
Chevrolet	Silverado 1500,432,1599.0,68702.0,32550,[1999, 2000, 2001, 2003, 2004, 2005, 2006, 2007, 2008, 2009, 2010, 2011, 2012, 2013, 2014, 2015, 2016, 2017, 2018, 2019, 2020]
Chevrolet	Silverado 2500HD,44,3299.0,77744.0,38322,[1999, 2002, 2005, 2008, 2009, 2010, 2011, 2012, 2013, 2014, 2015, 2016, 2017, 2018, 2019, 2020]
Chevrolet	Silverado 3500,2,9995.0,12995.0,11495,[2001, 2003]
Chevrolet	Silverado 3500HD,9,26999.0,61995.0,40933,[2011, 2014, 2016, 2018, 2019, 2020]
Chevrolet	Silverado 3500HD Chassis,4,43433.0,51352.0,46621,[2020]
Chevrolet	Silverado Classic 1500,6,2999.0,7993.0,5081,[2007]
Chevrolet	Silverado Classic 2500HD,1,11900.0,11900.0,11900,[2007]
Chevrolet	Silverado Classic 3500,2,12995.0,14995.0,13995,[2007]
Chevrolet	Sonic,24,4495.0,19780.0,10240,[2012, 2013, 2014, 2015, 2016, 2017, 2018, 2020]
Chevrolet	Spark,10,5742.0,17556.0,11316,[2014, 2015, 2017, 2020]
Chevrolet	Suburban,106,3675.0,81200.0,40235,[1950, 2002, 2005, 2007, 2008, 2009, 2011, 2012, 2013, 2014, 2015, 2016, 2017, 2018, 2019, 2020, 2021]
Chevrolet	Tahoe,132,2399.0,79018.0,43142,[2001, 2002, 2004, 2005, 2007, 2008, 2009, 2010, 2011, 2012, 2013, 2014, 2015, 2016, 2017, 2018, 2019, 2020, 2021]
Chevrolet	Tahoe Hybrid,1,10000.0,10000.0,10000,[2008]
Chevrolet	Trailblazer,45,1499.0,29605.0,18567,[2002, 2003, 2004, 2005, 2006, 2008, 2009, 2021]
Chevrolet	Trailblazer EXT,1,5500.0,5500.0,5500,[2005]
Chevrolet	Traverse,275,5900.0,51021.0,28791,[2009, 2010, 2011, 2012, 2013, 2014, 2015, 2016, 2017, 2018, 2019, 2020]
Chevrolet	Trax,359,8499.0,26345.0,20019,[2015, 2016, 2017, 2018, 2019, 2020, 2021]
Chevrolet	Uplander,1,1999.0,1999.0,1999,[2007]
Chevrolet	Volt,22,7359.0,22900.0,15547,[2011, 2012, 2013, 2015, 2016, 2017, 2019]
Chrysler	200,38,2995.0,14462.0,9481,[2011, 2012, 2013, 2014, 2015, 2016, 2017]
Chrysler	300,89,3499.0,41410.0,19691,[2006, 2007, 2008, 2009, 2010, 2011, 2012, 2013, 2014, 2015, 2016, 2017, 2018, 2019, 2020]
Chrysler	Crossfire,4,5899.0,13500.0,9197,[2004, 2005, 2006]
Chrysler	New Yorker,1,2999.0,2999.0,2999,[1989]
Chrysler	PT Cruiser,4,2250.0,4999.0,3537,[2002, 2006]
Chrysler	Pacifica,172,2999.0,48800.0,29142,[2005, 2007, 2008, 2017, 2018, 2019, 2020]
Chrysler	Pacifica Hybrid,10,41490.0,51425.0,46789,[2020]
Chrysler	Sebring,12,2199.0,7995.0,4088,[2001, 2004, 2005, 2007, 2008, 2009, 2010]
Chrysler	Town & Country,56,2999.0,26900.0,8821,[2004, 2005, 2007, 2008, 2009, 2010, 2011, 2012, 2013, 2014, 2015, 2016]
Chrysler	Voyager,17,22000.0,32780.0,28309,[2020]
Dodge	Avenger,15,3599.0,8695.0,5939,[2008, 2009, 2010, 2011, 2012, 2013, 2014]
Dodge	Caliber,10,2199.0,3999.0,3279,[2007, 2008, 2009, 2010]
Dodge	Challenger,145,9900.0,149000.0,36972,[1974, 2009, 2010, 2011, 2012, 2013, 2014, 2015, 2016, 2017, 2018, 2019, 2020]
Dodge	Charger,189,3999.0,80710.0,31722,[2007, 2008, 2010, 2011, 2012, 2013, 2014, 2015, 2016, 2017, 2018, 2019, 2020]
Dodge	Dakota,25,2799.0,13999.0,6342,[2002, 2003, 2004, 2005, 2006, 2007, 2008, 2009, 2010]
Dodge	Dart,15,4995.0,11995.0,8237,[2013, 2014, 2015, 2016]
Dodge	Durango,433,1595.0,67988.0,33737,[2000, 2001, 2004, 2005, 2007, 2008, 2011, 2012, 2013, 2014, 2015, 2016, 2017, 2018, 2019, 2020]
Dodge	Grand Caravan,127,2100.0,35000.0,15372,[2004, 2006, 2008, 2009, 2010, 2011, 2012, 2013, 2014, 2015, 2016, 2017, 2018, 2019]
Dodge	Journey,96,3460.0,29102.0,14571,[2009, 2010, 2011, 2012, 2013, 2014, 2015, 2016, 2017, 2018, 2019, 2020]
Dodge	Magnum,1,4499.0,4499.0,4499,[2007]
Dodge	Nitro,3,5695.0,7999.0,6464,[2010, 2011]
Dodge	RAM 150,1,5995.0,5995.0,5995,[1988]
Dodge	RAM 1500,28,3699.0,18993.0,7536,[2002, 2003, 2004, 2005, 2006, 2007, 2008, 2009, 2010]
Dodge	RAM 2500,14,3699.0,24985.0,10581,[1996, 2002, 2003, 2004, 2005, 2006, 2007, 2008, 2010]
Dodge	RAM 3500,5,8599.0,23900.0,16896,[2002, 2005, 2007, 2008]
Dodge	Stratus,1,1999.0,1999.0,1999,[2004]
Dodge	Viper,1,67995.0,67995.0,67995,[2010]
FIAT	124 Spider,8,6980.0,39305.0,24469,[1981, 2017, 2018, 2019, 2020]
FIAT	500,15,5900.0,20999.0,11935,[2012, 2013, 2014, 2015, 2016]
FIAT	500L,1,8990.0,8990.0,8990,[2015]
FIAT	500X,12,5995.0,31175.0,18829,[2016, 2017, 2019, 2020]
Ferrari	250 GT,1,1390000.0,1390000.0,1390000,[1959]
Ferrari	458 Italia,3,139995.0,362750.0,230198,[2010, 2011, 2015]
Ferrari	488,1,240995.0,240995.0,240995,[2017]
Ferrari	599 GTB Fiorano,1,1299950.0,1299950.0,1299950,[2011]
Ferrari	812 Superfast,1,366995.0,366995.0,366995,[2020]
Ferrari	California,1,98999.0,98999.0,98999,[2013]
Ferrari	California T,1,129714.0,129714.0,129714,[2015]
Ferrari	F12 Berlinetta,1,230905.0,230905.0,230905,[2017]
Ferrari	F430,1,79800.0,79800.0,79800,[2005]
Ferrari	GTC4Lusso,1,350698.0,350698.0,350698,[2020]
Ferrari	GTC4Lusso T,2,191995.0,238995.0,215495,[2018, 2019]
Ferrari	Portofino,2,228895.0,231995.0,230445,[2019, 2020]
Fisker	Karma,1,33800.0,33800.0,33800,[2012]
Ford	Bronco,1,9995.0,9995.0,9995,[1993]
Ford	C-Max Energi,8,9695.0,16030.0,13567,[2015, 2016, 2017]
Ford	C-Max Hybrid,14,6499.0,18995.0,13226,[2013, 2017, 2018]
Ford	Crown Victoria,2,1595.0,2696.0,2145,[1997, 2006]
Ford	E-Series,56,1580.0,15995.0,9541,[1998, 2002, 2003, 2004, 2005, 2006, 2007, 2008, 2009, 2010, 2011, 2012, 2013, 2014]
Ford	E-Series Chassis,4,5995.0,21999.0,16748,[2009, 2016]
Ford	EcoSport,329,16495.0,31540.0,23269,[2018, 2019, 2020, 2021]
Ford	Econoline Cargo,1,5999.0,5999.0,5999,[2002]
Ford	Edge,671,2999.0,49099.0,31366,[2007, 2008, 2009, 2010, 2011, 2012, 2013, 2014, 2015, 2016, 2017, 2018, 2019, 2020]
Ford	Escape,1070,1999.0,40595.0,25099,[2002, 2005, 2007, 2008, 2009, 2010, 2011, 2012, 2013, 2014, 2015, 2016, 2017, 2018, 2019, 2020]
Ford	Escape Hybrid,36,2999.0,38950.0,30554,[2006, 2008, 2009, 2010, 2020]
Ford	Excursion,4,5399.0,21999.0,12097,[2000, 2003, 2004, 2005]
Ford	Expedition,176,2980.0,85150.0,55596,[2003, 2004, 2007, 2008, 2009, 2010, 2011, 2012, 2013, 2014, 2015, 2016, 2017, 2018, 2019, 2020]
Ford	Explorer,810,1320.0,64070.0,37322,[2001, 2002, 2003, 2004, 2005, 2006, 2007, 2008, 2009, 2010, 2011, 2012, 2013, 2014, 2015, 2016, 2017, 2018, 2019, 2020, 2021]
Ford	Explorer Hybrid,5,52134.0,55495.0,54458,[2020]
Ford	Explorer Sport Trac,10,2899.0,10495.0,5889,[2001, 2003, 2004, 2005, 2007, 2008]
Ford	F-150,1143,2999.0,99724.0,40070,[1998, 2001, 2002, 2003, 2004, 2005, 2006, 2007, 2008, 2009, 2010, 2011, 2012, 2013, 2014, 2015, 2016, 2017, 2018, 2019, 2020]
Ford	F-250 Super Duty,105,5299.0,78610.0,33661,[1999, 2000, 2001, 2004, 2005, 2006, 2007, 2008, 2010, 2011, 2012, 2013, 2014, 2015, 2016, 2017, 2019, 2020]
Ford	F-350 Super Duty,110,4450.0,88150.0,32934,[2002, 2003, 2004, 2005, 2006, 2007, 2008, 2009, 2010, 2011, 2012, 2014, 2015, 2016, 2017, 2018, 2019, 2020]
Ford	F-350 Super Duty Chassis,17,16995.0,53980.0,28823,[2010, 2011, 2012, 2013, 2014, 2015, 2016, 2020]
Ford	F-450 Super Duty,17,12800.0,78900.0,35175,[2005, 2007, 2008, 2011, 2012, 2013, 2015, 2016, 2018, 2019]
Ford	F-450 Super Duty Chassis,1,11999.0,11999.0,11999,[2008]
Ford	F-550 Super Duty,7,25999.0,37999.0,33284,[2011, 2012, 2014]
Ford	F-550 Super Duty Chassis,17,7999.0,55259.0,31992,[2003, 2005, 2007, 2008, 2009, 2015, 2016, 2019]
Ford	Fairlane,1,39995.0,39995.0,39995,[1955]
Ford	Fiesta,34,3995.0,18999.0,9019,[2011, 2012, 2013, 2014, 2015, 2016, 2017, 2018, 2019]
Ford	Five Hundred,2,3495.0,4000.0,3747,[2006, 2007]
Ford	Flex,40,5250.0,30795.0,19021,[2009, 2010, 2011, 2012, 2013, 2014, 2015, 2016, 2017, 2018, 2019]
Ford	Focus,130,1999.0,21999.0,9443,[2002, 2003, 2004, 2005, 2006, 2007, 2008, 2009, 2010, 2011, 2012, 2013, 2014, 2015, 2016, 2017, 2018]
Ford	Focus Electric,2,9295.0,12995.0,11145,[2013, 2017]
Ford	Focus RS,6,29990.0,38999.0,33961,[2016]
Ford	Freestar,2,3991.0,4500.0,4245,[2005]
Ford	Fusion,1229,2600.0,36892.0,20745,[2007, 2008, 2009, 2010, 2011, 2012, 2013, 2014, 2015, 2016, 2017, 2018, 2019, 2020]
Ford	Fusion Energi,40,9942.0,37685.0,29071,[2013, 2014, 2016, 2017, 2018, 2019, 2020]
Ford	Fusion Hybrid,132,3999.0,36185.0,23029,[2010, 2013, 2014, 2015, 2016, 2017, 2018, 2019, 2020]
Ford	LTD Crown Victoria,1,3995.0,3995.0,3995,[1990]
Ford	Model A,1,13999.0,13999.0,13999,[1930]
Ford	Mustang,184,3733.0,57286.0,28457,[1966, 1987, 2000, 2004, 2005, 2006, 2007, 2008, 2010, 2011, 2012, 2013, 2014, 2015, 2016, 2017, 2018, 2019, 2020]
Ford	Mustang SVT Cobra,1,17995.0,17995.0,17995,[2001]
Ford	Mustang Shelby GT350,10,47990.0,63995.0,54272,[2016, 2017, 2018, 2019, 2020]
Ford	Mustang Shelby GT500,4,38500.0,41237.0,39931,[2010, 2011, 2012]
Ford	Ranger,108,2899.0,47800.0,27471,[1998, 2000, 2001, 2002, 2003, 2004, 2005, 2007, 2008, 2009, 2010, 2011, 2019, 2020]
Ford	Taurus,53,1780.0,29900.0,13660,[2000, 2002, 2003, 2004, 2006, 2009, 2010, 2011, 2012, 2013, 2014, 2015, 2016, 2017, 2018, 2019]
Ford	Taurus X,1,2495.0,2495.0,2495,[2008]
Ford	Thunderbird,5,10990.0,49995.0,21773,[1955, 2002, 2005]
Ford	Transit Cargo,78,12995.0,54695.0,33619,[2015, 2016, 2017, 2018, 2019, 2020]
Ford	Transit Chassis,2,19999.0,41040.0,30519,[2016, 2020]
Ford	Transit Connect,142,4999.0,32551.0,22792,[2010, 2011, 2012, 2013, 2014, 2015, 2016, 2017, 2018, 2019, 2020, 2021]
Ford	Transit Crew,3,38995.0,49575.0,45091,[2020]
Ford	Transit Passenger,95,17999.0,61184.0,32650,[2015, 2016, 2017, 2018, 2019, 2020]
Freightliner	Sprinter,1,14999.0,14999.0,14999,[2013]
GMC	Acadia,184,6299.0,54770.0,28429,[2007, 2008, 2010, 2011, 2012, 2013, 2014, 2015, 2016, 2017, 2018, 2019, 2020, 2021]
GMC	Canyon,37,3999.0,45900.0,25750,[2004, 2005, 2006, 2007, 2008, 2010, 2015, 2016, 2017, 2018, 2020, 2021]
GMC	Envoy,6,3995.0,6999.0,5244,[2002, 2004, 2006, 2007, 2009]
GMC	Envoy XL,1,5995.0,5995.0,5995,[2005]
GMC	Safari,1,3995.0,3995.0,3995,[1999]
GMC	Safari Cargo,1,4995.0,4995.0,4995,[2005]
GMC	Savana,7,7795.0,17995.0,13961,[2002, 2007, 2010, 2011, 2013, 2017]
GMC	Savana Cargo,20,4999.0,36831.0,19585,[2003, 2005, 2008, 2011, 2012, 2015, 2017, 2018, 2019, 2020]
GMC	Sierra 1500,180,4099.0,71785.0,42970,[1999, 2001, 2002, 2005, 2006, 2007, 2008, 2009, 2010, 2011, 2012, 2013, 2014, 2015, 2016, 2017, 2018, 2019, 2020]
GMC	Sierra 2500HD,31,4499.0,78760.0,43171,[2003, 2004, 2005, 2009, 2010, 2011, 2013, 2015, 2018, 2020]
GMC	Sierra 2500HD Classic,1,7995.0,7995.0,7995,[2007]
GMC	Sierra 3500,3,1900.0,23999.0,12266,[1996, 2005, 2006]
GMC	Sierra 3500HD,5,12995.0,80280.0,53342,[2007, 2016, 2019, 2020]
GMC	Sonoma,1,4999.0,4999.0,4999,[2001]
GMC	Suburban,1,4649.0,4649.0,4649,[1999]
GMC	Terrain,246,5999.0,45325.0,27533,[2010, 2011, 2012, 2013, 2014, 2015, 2016, 2017, 2018, 2019, 2020]
GMC	Yukon,48,6900.0,82495.0,46118,[2004, 2005, 2006, 2007, 2008, 2009, 2010, 2011, 2013, 2015, 2017, 2019, 2020, 2021]
GMC	Yukon XL,50,8995.0,85795.0,46603,[2007, 2010, 2013, 2014, 2015, 2016, 2017, 2018, 2019, 2020, 2021]
Genesis	G70,61,29000.0,54445.0,43923,[2019, 2020, 2021]
Genesis	G80,38,21995.0,61345.0,39887,[2017, 2018, 2019, 2020]
Genesis	G90,18,31990.0,77345.0,53613,[2017, 2019, 2020]
Honda	Accord,633,2495.0,89995.0,17442,[2004, 2005, 2006, 2007, 2008, 2009, 2010, 2011, 2012, 2013, 2014, 2015, 2016, 2017, 2018, 2019, 2020]
Honda	Accord Coupe,33,1499.0,25881.0,12728,[2002, 2003, 2005, 2006, 2008, 2009, 2010, 2012, 2013, 2015, 2017]
Honda	Accord Crosstour,2,9995.0,12888.0,11441,[2010]
Honda	Accord Hybrid,32,12895.0,36245.0,25885,[2014, 2017, 2018, 2019, 2020]
Honda	CR-V,513,1780.0,35870.0,21250,[1997, 2001, 2002, 2003, 2004, 2005, 2006, 2007, 2008, 2009, 2010, 2011, 2012, 2013, 2014, 2015, 2016, 2017, 2018, 2019, 2020]
Honda	CR-V Hybrid,11,28870.0,37170.0,32829,[2020]
Honda	CR-Z,4,6995.0,14990.0,10243,[2011, 2012, 2015, 2016]
Honda	Civic,481,999.0,27202.0,16496,[1996, 1999, 2002, 2003, 2004, 2005, 2006, 2007, 2008, 2009, 2010, 2011, 2012, 2013, 2014, 2015, 2016, 2017, 2018, 2019, 2020]
Honda	Civic Coupe,66,1995.0,28999.0,12092,[2002, 2003, 2006, 2007, 2008, 2009, 2010, 2011, 2012, 2013, 2015, 2016, 2017, 2018, 2019]
Honda	Civic Hatchback,36,14995.0,25237.0,20325,[2017, 2018, 2019, 2020]
Honda	Civic Hybrid,3,5988.0,13975.0,10319,[2005, 2014, 2015]
Honda	Civic Type R,4,31995.0,38995.0,35240,[2017, 2018, 2019]
Honda	Clarity Hybrid Plug-In ,2,19898.0,21995.0,20946,[2018, 2019]
Honda	Crosstour,7,10995.0,17975.0,13859,[2012, 2013, 2014]
Honda	Element,10,3399.0,9995.0,6299,[2004, 2005, 2006, 2008, 2009, 2011]
Honda	Fit,59,1699.0,19990.0,13125,[2007, 2008, 2009, 2010, 2011, 2012, 2013, 2015, 2016, 2017, 2018, 2019, 2020]
Honda	HR-V,184,11495.0,29167.0,21787,[2016, 2017, 2018, 2019, 2020]
Honda	Insight,21,6495.0,28795.0,22190,[2010, 2011, 2012, 2019, 2020, 2021]
Honda	Odyssey,178,1985.0,52995.0,20967,[2003, 2004, 2005, 2006, 2007, 2008, 2009, 2010, 2011, 2012, 2013, 2014, 2015, 2016, 2017, 2018, 2019, 2020, 2021]
Honda	Passport,28,29881.0,44400.0,38116,[2019, 2020]
Honda	Pilot,232,2750.0,50840.0,22462,[2004, 2005, 2006, 2007, 2008, 2009, 2010, 2011, 2012, 2013, 2014, 2015, 2016, 2017, 2018, 2019, 2020, 2021]
Honda	Ridgeline,26,4195.0,43140.0,16460,[2006, 2007, 2008, 2011, 2013, 2014, 2017, 2020]
Honda	S2000,1,18900.0,18900.0,18900,[2004]
Hummer	H2,4,12995.0,16995.0,15230,[2003, 2004, 2005, 2006]
Hummer	H3,5,6999.0,13975.0,10372,[2006, 2007, 2008]
Hyundai	Accent,35,2199.0,17902.0,10638,[2007, 2008, 2010, 2011, 2013, 2014, 2015, 2016, 2017, 2018, 2019, 2020, 2021]
Hyundai	Azera,4,5995.0,20999.0,13170,[2006, 2007, 2016, 2017]
Hyundai	Elantra,454,1999.0,27605.0,15108,[2006, 2007, 2008, 2009, 2010, 2011, 2012, 2013, 2014, 2015, 2016, 2017, 2018, 2019, 2020]
Hyundai	Elantra Coupe,4,5999.0,9990.0,7403,[2013, 2014]
Hyundai	Elantra GT,26,7995.0,25815.0,15582,[2013, 2014, 2016, 2018, 2019, 2020]
Hyundai	Elantra Touring,6,1999.0,8030.0,5968,[2009, 2011, 2012]
Hyundai	Entourage,1,3995.0,3995.0,3995,[2008]
Hyundai	Genesis,8,7995.0,21995.0,16371,[2009, 2014, 2015, 2016]
Hyundai	Genesis Coupe,6,7995.0,22900.0,16387,[2013, 2014, 2015, 2016]
Hyundai	Ioniq Electric,25,12991.0,39890.0,34614,[2017, 2019, 2020]
Hyundai	Ioniq Hybrid,21,14888.0,32920.0,25082,[2017, 2018, 2019, 2020]
Hyundai	Ioniq Hybrid Plug-In ,10,18991.0,34370.0,28972,[2019, 2020]
Hyundai	Kona,209,15495.0,31410.0,26461,[2018, 2019, 2020, 2021]
Hyundai	Kona Electric,35,35820.0,47105.0,43938,[2019, 2020]
Hyundai	Palisade,55,36145.0,49885.0,45954,[2020, 2021]
Hyundai	Santa Fe,210,3599.0,41885.0,27548,[2004, 2005, 2007, 2008, 2009, 2010, 2011, 2012, 2013, 2014, 2015, 2017, 2018, 2019, 2020]
Hyundai	Santa Fe Sport,102,8995.0,34665.0,17138,[2013, 2014, 2015, 2016, 2017, 2018]
Hyundai	Santa Fe XL,1,21308.0,21308.0,21308,[2019]
Hyundai	Sonata,430,1600.0,35085.0,21097,[2003, 2005, 2006, 2007, 2008, 2009, 2010, 2011, 2012, 2013, 2014, 2015, 2016, 2017, 2018, 2019, 2020, 2021]
Hyundai	Sonata Hybrid,16,6750.0,29480.0,16071,[2011, 2013, 2014, 2015, 2016, 2017, 2018, 2019, 2020]
Hyundai	Sonata Hybrid Plug-In ,7,34495.0,40270.0,36169,[2019]
Hyundai	Tiburon,1,4990.0,4990.0,4990,[2006]
Hyundai	Tucson,663,2699.0,35555.0,24823,[2007, 2008, 2011, 2012, 2013, 2014, 2015, 2016, 2017, 2018, 2019, 2020, 2021]
Hyundai	Veloster,19,4599.0,20591.0,13556,[2012, 2013, 2015, 2016, 2017, 2019, 2020]
Hyundai	Veloster N,4,28450.0,31080.0,29985,[2020]
Hyundai	Veloster Turbo,4,11887.0,26980.0,16963,[2016, 2017, 2020]
Hyundai	Venue,28,16275.0,23250.0,20022,[2020]
Hyundai	Veracruz,2,10995.0,11777.0,11386,[2012]
INFINITI	EX35,7,5750.0,11900.0,9700,[2008, 2010, 2012]
INFINITI	FX35,10,5500.0,16890.0,11605,[2005, 2009, 2011, 2012]
INFINITI	FX37,2,16395.0,17988.0,17191,[2013]
INFINITI	G20,1,4679.0,4679.0,4679,[1999]
INFINITI	G25,1,8995.0,8995.0,8995,[2011]
INFINITI	G35,9,2899.0,7995.0,6074,[2004, 2005, 2006, 2007, 2008]
INFINITI	G37,21,8853.0,17990.0,12759,[2008, 2009, 2010, 2011, 2012, 2013]
INFINITI	JX35,5,9995.0,18995.0,15210,[2013]
INFINITI	M35,3,5995.0,9995.0,7661,[2006, 2009]
INFINITI	M37,7,10146.0,16999.0,13087,[2011, 2012, 2013]
INFINITI	Q40,2,16495.0,18575.0,17535,[2015]
INFINITI	Q50,229,13999.0,52940.0,27240,[2014, 2015, 2016, 2017, 2018, 2019, 2020]
INFINITI	Q50 Hybrid,3,15998.0,23000.0,19997,[2014, 2015, 2017]
INFINITI	Q60,47,18995.0,55684.0,33215,[2014, 2015, 2017, 2018, 2019, 2020]
INFINITI	Q70,6,18999.0,30999.0,24516,[2015, 2016, 2017]
INFINITI	Q70L,5,24988.0,33000.0,29355,[2016, 2017]
INFINITI	QX30,20,19905.0,27999.0,23185,[2017, 2018, 2019]
INFINITI	QX50,51,14995.0,55395.0,36965,[2015, 2016, 2017, 2019, 2020]
INFINITI	QX56,12,6700.0,23995.0,15980,[2007, 2008, 2011, 2012, 2013]
INFINITI	QX60,165,14888.0,62405.0,39227,[2014, 2015, 2016, 2017, 2018, 2019, 2020]
INFINITI	QX60 Hybrid,1,14995.0,14995.0,14995,[2014]
INFINITI	QX70,6,17999.0,30995.0,27447,[2016, 2017]
INFINITI	QX80,39,17995.0,88611.0,48400,[2014, 2015, 2016, 2017, 2019, 2020, 2021]
Jaguar	E-PACE,7,49052.0,65375.0,55493,[2020]
Jaguar	F-PACE,38,27795.0,91650.0,41485,[2017, 2018, 2019, 2020]
Jaguar	F-TYPE,9,36495.0,101274.0,59419,[2015, 2016, 2017, 2018, 2020, 2021]
Jaguar	I-PACE,3,61679.0,62982.0,62473,[2019]
Jaguar	S-TYPE,2,2500.0,5999.0,4249,[2000, 2007]
Jaguar	X-TYPE,1,2999.0,2999.0,2999,[2003]
Jaguar	XE,19,18880.0,52467.0,33401,[2017, 2018, 2019, 2020]
Jaguar	XF,12,20995.0,66887.0,39464,[2015, 2016, 2017, 2018, 2019, 2020]
Jaguar	XJ-Series,14,3900.0,39999.0,20515,[1994, 1996, 1999, 2001, 2004, 2011, 2013, 2016, 2017, 2018]
Jaguar	XK-Series,1,14575.0,14575.0,14575,[2007]
Jeep	Cherokee,381,3995.0,43545.0,26300,[2000, 2014, 2015, 2016, 2017, 2018, 2019, 2020, 2021]
Jeep	Commander,7,3599.0,8495.0,5212,[2006, 2007, 2008]
Jeep	Compass,698,2999.0,39040.0,26466,[2007, 2008, 2010, 2011, 2012, 2013, 2014, 2015, 2016, 2017, 2018, 2019, 2020, 2021]
Jeep	Gladiator,64,37098.0,64010.0,52646,[2020, 2021]
Jeep	Grand Cherokee,1326,2495.0,99165.0,33950,[2000, 2001, 2002, 2003, 2004, 2005, 2006, 2007, 2008, 2009, 2010, 2011, 2012, 2013, 2014, 2015, 2016, 2017, 2018, 2019, 2020]
Jeep	Liberty,52,2500.0,11888.0,6957,[2002, 2003, 2004, 2005, 2006, 2007, 2008, 2009, 2010, 2011, 2012]
Jeep	Patriot,64,4700.0,19999.0,11660,[2009, 2010, 2011, 2012, 2013, 2014, 2015, 2016, 2017]
Jeep	Renegade,166,10595.0,35335.0,23059,[2015, 2016, 2017, 2018, 2019, 2020]
Jeep	Wrangler,68,8495.0,42999.0,27118,[1994, 2003, 2004, 2005, 2009, 2010, 2011, 2012, 2013, 2014, 2015, 2016, 2017, 2018, 2019, 2020]
Jeep	Wrangler Unlimited,320,11499.0,88500.0,37665,[2007, 2008, 2009, 2010, 2011, 2012, 2013, 2014, 2015, 2016, 2017, 2018, 2019, 2020, 2021]
Kaiser	Manhattan,1,12995.0,12995.0,12995,[1953]
Kia	Amanti,2,2899.0,4995.0,3947,[2004, 2007]
Kia	Cadenza,13,16495.0,42676.0,23894,[2014, 2015, 2016, 2017, 2018, 2019]
Kia	Forte,269,2999.0,23585.0,17101,[2010, 2012, 2013, 2014, 2015, 2016, 2017, 2018, 2019, 2020, 2021]
Kia	Forte Koup,5,4995.0,14759.0,9404,[2010, 2013, 2015, 2016]
Kia	Forte5,19,3199.0,19999.0,10849,[2011, 2012, 2013, 2015, 2016, 2017, 2018]
Kia	K5,111,24610.0,32810.0,26465,[2021]
Kia	Niro,47,14351.0,33504.0,24446,[2017, 2018, 2019, 2020]
Kia	Niro EV,5,34995.0,46355.0,44045,[2019]
Kia	Niro Hybrid Plug-In,12,30820.0,34940.0,33588,[2020]
Kia	Optima,202,3299.0,36620.0,15259,[2008, 2010, 2011, 2012, 2013, 2014, 2015, 2016, 2017, 2018, 2019, 2020]
Kia	Optima Hybrid,4,6495.0,30280.0,13316,[2011, 2012, 2013, 2017]
Kia	Optima Hybrid Plug-In ,1,16495.0,16495.0,16495,[2017]
Kia	Rio,53,2499.0,18227.0,14818,[2006, 2008, 2012, 2013, 2016, 2017, 2018, 2019, 2020]
Kia	Rio5,11,3999.0,18805.0,15106,[2012, 2015, 2016, 2018, 2019, 2020]
Kia	Rondo,3,2399.0,3599.0,3199,[2007, 2008]
Kia	Sedona,112,1999.0,40426.0,25639,[2006, 2007, 2009, 2010, 2015, 2016, 2017, 2018, 2019, 2020, 2021]
Kia	Seltos,54,23017.0,30185.0,25157,[2021]
Kia	Sephia,2,795.0,1495.0,1145,[2000, 2001]
Kia	Sorento,258,3499.0,44035.0,23565,[2004, 2007, 2008, 2011, 2012, 2013, 2014, 2015, 2016, 2017, 2018, 2019, 2020]
Kia	Soul,189,4450.0,29150.0,16543,[2010, 2011, 2012, 2013, 2014, 2015, 2016, 2017, 2018, 2019, 2020, 2021]
Kia	Soul EV,9,10980.0,13995.0,12968,[2016, 2017]
Kia	Spectra,2,2995.0,2999.0,2997,[2006, 2009]
Kia	Sportage,511,3995.0,36820.0,25208,[2007, 2008, 2009, 2010, 2011, 2012, 2013, 2014, 2015, 2016, 2017, 2018, 2019, 2020, 2021]
Kia	Stinger,20,21495.0,54850.0,40756,[2018, 2019, 2020]
Kia	Telluride,60,35370.0,50981.0,42902,[2020, 2021]
Lamborghini	Aventador,1,360905.0,360905.0,360905,[2018]
Lamborghini	Huracan,6,165998.0,289500.0,196540,[2015, 2016, 2017, 2018, 2020]
Lamborghini	Urus,2,238995.0,252995.0,245995,[2019, 2020]
Land Rover	Defender,2,64615.0,67015.0,65815,[2020]
Land Rover	Discovery,42,34000.0,80380.0,57498,[2017, 2018, 2019, 2020]
Land Rover	Discovery Sport,73,20981.0,75899.0,41738,[2015, 2016, 2017, 2019, 2020]
Land Rover	LR2,6,3199.0,14495.0,9696,[2008, 2009, 2012, 2013]
Land Rover	LR3,1,5795.0,5795.0,5795,[2008]
Land Rover	LR4,7,11995.0,37897.0,25797,[2011, 2012, 2015, 2016]
Land Rover	Range Rover,58,8800.0,122585.0,68383,[2007, 2013, 2014, 2015, 2016, 2017, 2018, 2019, 2020]
Land Rover	Range Rover Evoque,58,15990.0,84399.0,39727,[2013, 2014, 2015, 2016, 2017, 2018, 2019, 2020]
Land Rover	Range Rover Hybrid,12,97697.0,109390.0,103192,[2020]
Land Rover	Range Rover Sport,77,6999.0,135465.0,46279,[2006, 2007, 2009, 2010, 2011, 2012, 2013, 2014, 2015, 2016, 2017, 2018, 2019, 2020]
Land Rover	Range Rover Velar,23,46894.0,97525.0,65069,[2018, 2019, 2020]
Lexus	CT Hybrid,9,7990.0,20730.0,13429,[2011, 2012, 2013, 2014, 2017]
Lexus	ES,31,35995.0,47805.0,44326,[2019, 2020]
Lexus	ES 300,3,1999.0,4995.0,3149,[2002, 2003]
Lexus	ES 300h,4,16450.0,34995.0,26745,[2013, 2017, 2018]
Lexus	ES 330,3,6790.0,8995.0,8078,[2005, 2006]
Lexus	ES 350,89,5995.0,35991.0,22893,[2007, 2008, 2009, 2010, 2011, 2012, 2013, 2014, 2015, 2016, 2017, 2018]
Lexus	ES Hybrid,6,48525.0,50544.0,49191,[2020]
Lexus	GS 300,4,6995.0,9995.0,8545,[2006]
Lexus	GS 350,32,8999.0,38495.0,24947,[2007, 2008, 2010, 2013, 2014, 2015, 2016, 2017, 2018]
Lexus	GS F,1,44495.0,44495.0,44495,[2016]
Lexus	GX,38,15898.0,67735.0,40108,[2010, 2011, 2012, 2013, 2016, 2017, 2018, 2019, 2020]
Lexus	GX 470,7,9899.0,17975.0,12201,[2006, 2007, 2008]
Lexus	HS 250h,1,10000.0,10000.0,10000,[2010]
Lexus	IS,62,17990.0,49415.0,31749,[2008, 2016, 2017, 2018, 2019, 2020]
Lexus	IS 250,25,4900.0,23999.0,13286,[2006, 2008, 2009, 2010, 2011, 2012, 2013, 2014, 2015]
Lexus	IS 350,11,15999.0,33995.0,25051,[2011, 2014, 2015, 2016, 2017, 2018]
Lexus	LC,2,64995.0,83890.0,74442,[2018, 2020]
Lexus	LS,2,86769.0,102782.0,94775,[2020]
Lexus	LS 460,12,10995.0,41995.0,21824,[2007, 2009, 2010, 2011, 2013, 2014, 2016, 2017]
Lexus	LS 500,3,52995.0,83450.0,65448,[2018, 2019]
Lexus	LS 600h L,1,12995.0,12995.0,12995,[2008]
Lexus	LX,2,98353.0,100948.0,99650,[2020]
Lexus	LX 470,3,5995.0,16985.0,13256,[2002, 2006, 2007]
Lexus	LX 570,6,21263.0,94140.0,52698,[2009, 2014, 2015, 2016, 2017, 2019]
Lexus	NX,22,26794.0,45601.0,34864,[2018, 2019, 2020]
Lexus	NX 200t,55,18900.0,32782.0,25511,[2015, 2016, 2017]
Lexus	NX Hybrid,4,21995.0,44657.0,34600,[2015, 2020]
Lexus	RC,2,50040.0,50529.0,50284,[2020]
Lexus	RC 300,2,27995.0,28997.0,28496,[2016, 2017]
Lexus	RC 350,3,30860.0,33995.0,32285,[2015, 2017, 2018]
Lexus	RC F,2,54890.0,68448.0,61669,[2019]
Lexus	RX,77,35658.0,60500.0,50495,[2018, 2019, 2020]
Lexus	RX 300,4,2995.0,5981.0,4367,[1999, 2000, 2001, 2002]
Lexus	RX 330,7,5995.0,8995.0,7202,[2004, 2005, 2006]
Lexus	RX 350,123,6940.0,42495.0,29115,[2007, 2008, 2009, 2010, 2011, 2012, 2013, 2014, 2015, 2016, 2017]
Lexus	RX 400h,3,8995.0,10885.0,9893,[2007, 2008]
Lexus	RX Hybrid,13,13495.0,59320.0,41647,[2010, 2011, 2017, 2018, 2020]
Lexus	SC 430,5,8491.0,16590.0,13709,[2002, 2004, 2005, 2006]
Lexus	UX Hybrid,4,27977.0,36195.0,33778,[2019, 2020]
Lincoln	Aviator,86,1980.0,85343.0,70183,[2005, 2020]
Lincoln	Continental,62,4995.0,89625.0,43132,[1980, 2002, 2017, 2018, 2019, 2020]
Lincoln	Corsair,185,36545.0,56364.0,43942,[2020]
Lincoln	MKC,82,14900.0,33995.0,24960,[2015, 2017, 2018, 2019]
Lincoln	MKS,10,5199.0,15300.0,10600,[2009, 2011, 2013, 2014, 2015, 2016]
Lincoln	MKT,18,6199.0,48573.0,19683,[2010, 2014, 2016, 2017, 2018, 2019]
Lincoln	MKX,75,9783.0,37995.0,27127,[2010, 2013, 2014, 2015, 2016, 2017, 2018]
Lincoln	MKZ,371,2999.0,52714.0,38870,[2007, 2008, 2009, 2011, 2012, 2013, 2014, 2015, 2016, 2017, 2018, 2019, 2020]
Lincoln	MKZ Hybrid,68,9995.0,45719.0,35041,[2013, 2014, 2016, 2017, 2018, 2020]
Lincoln	Mark LT,2,15500.0,23990.0,19745,[2007, 2008]
Lincoln	Mark VII,1,11975.0,11975.0,11975,[1988]
Lincoln	Mark VIII,1,27995.0,27995.0,27995,[1998]
Lincoln	Nautilus,124,35995.0,64269.0,51759,[2019, 2020]
Lincoln	Navigator,84,5699.0,94946.0,65095,[2007, 2008, 2010, 2011, 2012, 2013, 2014, 2015, 2017, 2018, 2019, 2020]
Lincoln	Town Car,5,2500.0,9885.0,5701,[1993, 2003, 2007, 2008, 2009]
Lincoln	Zephyr,1,3499.0,3499.0,3499,[2006]
Lotus	Elise,1,35900.0,35900.0,35900,[2005]
MINI	Cooper,83,4893.0,39250.0,23236,[2003, 2006, 2008, 2009, 2010, 2011, 2013, 2014, 2015, 2016, 2017, 2018, 2019, 2020, 2021]
MINI	Cooper Clubman,26,6995.0,43085.0,32576,[2009, 2012, 2016, 2017, 2019, 2020]
MINI	Cooper Paceman,2,12990.0,13000.0,12995,[2014, 2015]
MINI	Countryman,50,7995.0,46995.0,25314,[2011, 2012, 2013, 2014, 2015, 2016, 2017, 2018, 2019, 2020]
MINI	Roadster,1,12490.0,12490.0,12490,[2012]
Maserati	Ghibli,93,22995.0,94185.0,47038,[2014, 2015, 2016, 2017, 2018, 2019, 2020]
Maserati	GranSport,1,25995.0,25995.0,25995,[2005]
Maserati	GranTurismo,9,33800.0,99580.0,52846,[2009, 2010, 2011, 2015, 2017, 2018]
Maserati	Levante,109,34895.0,105735.0,88851,[2017, 2018, 2019, 2020]
Maserati	Quattroporte,38,12000.0,124721.0,90856,[2005, 2008, 2011, 2014, 2015, 2016, 2017, 2018, 2019, 2020]
Maybach	57,1,43894.0,43894.0,43894,[2007]
Mazda	CX-3,56,12999.0,29295.0,18873,[2016, 2017, 2018, 2019, 2020]
Mazda	CX-30,19,24000.0,31625.0,27864,[2020, 2021]
Mazda	CX-5,490,7703.0,38845.0,24748,[2013, 2014, 2015, 2016, 2017, 2018, 2019, 2020]
Mazda	CX-7,6,3999.0,8686.0,5945,[2008, 2009, 2010, 2011]
Mazda	CX-9,94,3995.0,53095.0,27917,[2008, 2009, 2010, 2011, 2012, 2013, 2014, 2015, 2016, 2017, 2018, 2019, 2020]
Mazda	MAZDA2,3,3399.0,8650.0,5804,[2011, 2013, 2014]
Mazda	MAZDA3,169,2499.0,32595.0,15885,[2005, 2006, 2007, 2008, 2009, 2010, 2011, 2012, 2013, 2014, 2015, 2016, 2017, 2018, 2019, 2020, 2021]
Mazda	MAZDA5,12,2899.0,11834.0,5275,[2007, 2008, 2009, 2010, 2012, 2015]
Mazda	MAZDA6,92,2792.0,37140.0,20550,[2004, 2005, 2009, 2010, 2011, 2014, 2015, 2016, 2017, 2018, 2019, 2020]
Mazda	MAZDASPEED3,1,6025.0,6025.0,6025,[2007]
Mazda	MX-5 Miata,16,13990.0,36355.0,24427,[2006, 2010, 2012, 2014, 2015, 2016, 2017, 2020]
Mazda	Protege,1,3499.0,3499.0,3499,[1996]
Mazda	RX-8,1,9899.0,9899.0,9899,[2005]
Mazda	Tribute,2,3499.0,4495.0,3997,[2003, 2004]
McLaren	570S,1,139500.0,139500.0,139500,[2017]
McLaren	MP4-12C,1,104942.0,104942.0,104942,[2012]
Mercedes-Benz	190-Class,1,4995.0,4995.0,4995,[1988]
Mercedes-Benz	A-Class,21,21950.0,61370.0,38536,[2019, 2020, 2021]
Mercedes-Benz	AMG GT,9,71800.0,223240.0,140762,[2016, 2017, 2018, 2019, 2020]
Mercedes-Benz	B-Class,1,15995.0,15995.0,15995,[2017]
Mercedes-Benz	C-Class,407,2499.0,87260.0,28769,[2002, 2004, 2005, 2006, 2007, 2008, 2010, 2011, 2012, 2013, 2014, 2015, 2016, 2017, 2018, 2019, 2020]
Mercedes-Benz	CL-Class,1,18988.0,18988.0,18988,[2010]
Mercedes-Benz	CLA-Class,78,13999.0,51440.0,28315,[2014, 2015, 2016, 2017, 2018, 2019, 2020, 2021]
Mercedes-Benz	CLK-Class,2,6995.0,7899.0,7447,[2006]
Mercedes-Benz	CLS-Class,26,8995.0,81535.0,45686,[2006, 2007, 2008, 2012, 2014, 2015, 2016, 2017, 2019, 2020]
Mercedes-Benz	E-Class,312,2500.0,94735.0,33953,[2002, 2005, 2006, 2007, 2008, 2009, 2010, 2011, 2012, 2013, 2014, 2015, 2016, 2017, 2018, 2019, 2020]
Mercedes-Benz	G-Class,23,23942.0,219000.0,105287,[2002, 2003, 2011, 2014, 2015, 2017, 2018, 2019, 2020]
Mercedes-Benz	GL-Class,36,7495.0,43800.0,21210,[2007, 2008, 2009, 2010, 2011, 2012, 2013, 2014, 2015, 2016]
Mercedes-Benz	GLA-Class,162,15495.0,61305.0,33493,[2015, 2016, 2017, 2018, 2019, 2020, 2021]
Mercedes-Benz	GLB-Class,51,37995.0,51355.0,45874,[2020]
Mercedes-Benz	GLC-Class,190,22000.0,78010.0,42506,[2016, 2017, 2018, 2019, 2020]
Mercedes-Benz	GLE-Class,173,22499.0,134055.0,46200,[2016, 2017, 2018, 2019, 2020, 2021]
Mercedes-Benz	GLK-Class,29,5998.0,29995.0,13286,[2010, 2011, 2012, 2013, 2014, 2015]
Mercedes-Benz	GLS-Class,96,28565.0,96375.0,54372,[2017, 2018, 2019, 2020]
Mercedes-Benz	M-Class,47,3499.0,23981.0,14191,[2002, 2004, 2006, 2007, 2008, 2009, 2010, 2011, 2012, 2013, 2014, 2015]
Mercedes-Benz	Metris,16,17894.0,43977.0,29067,[2016, 2017, 2018, 2019, 2020]
Mercedes-Benz	Metris Cargo,23,17980.0,35579.0,32665,[2016, 2017, 2020]
Mercedes-Benz	R-Class,6,7249.0,12995.0,9518,[2007, 2008, 2010, 2011]
Mercedes-Benz	S-Class,140,4000.0,177855.0,73862,[2000, 2003, 2004, 2006, 2007, 2008, 2009, 2010, 2012, 2013, 2014, 2015, 2016, 2017, 2018, 2019, 2020]
Mercedes-Benz	S-Class Coupe,12,48895.0,148740.0,89261,[2015, 2016, 2017, 2019]
Mercedes-Benz	SL-Class,38,6995.0,126945.0,65528,[1974, 1989, 1990, 1992, 1995, 2002, 2003, 2007, 2013, 2014, 2015, 2017, 2019, 2020]
Mercedes-Benz	SLC-Class,12,35500.0,73985.0,58140,[2017, 2018, 2020]
Mercedes-Benz	SLK-Class,2,22952.0,27999.0,25475,[2007, 2012]
Mercedes-Benz	SLR McLaren,1,859000.0,859000.0,859000,[2009]
Mercedes-Benz	Sprinter,35,19850.0,71673.0,47813,[2010, 2014, 2015, 2016, 2019, 2020]
Mercedes-Benz	Sprinter Cargo,11,14995.0,56491.0,31249,[2012, 2013, 2014, 2015, 2016, 2017, 2019]
Mercury	Grand Marquis,6,1850.0,3999.0,3223,[2001, 2002, 2004, 2005, 2009]
Mercury	Mariner,2,3499.0,4542.0,4020,[2005, 2009]
Mercury	Mariner Hybrid,1,3420.0,3420.0,3420,[2008]
Mercury	Milan,5,3499.0,6990.0,5547,[2007, 2010]
Mercury	Sable,4,2995.0,4995.0,3644,[2000, 2002, 2004, 2008]
Mitsubishi	Eclipse,3,1999.0,7995.0,4664,[2006, 2007, 2011]
Mitsubishi	Eclipse Cross,10,14995.0,23254.0,17658,[2018, 2019]
Mitsubishi	Endeavor,5,3199.0,6995.0,4534,[2005, 2007, 2008, 2010, 2011]
Mitsubishi	Galant,5,1983.0,6995.0,4095,[2004, 2007, 2009, 2011, 2012]
Mitsubishi	Lancer,9,2899.0,9995.0,7241,[2004, 2010, 2011, 2013, 2014, 2016, 2017]
Mitsubishi	Lancer Evolution,2,32888.0,34995.0,33941,[2015]
Mitsubishi	Mirage,7,4995.0,14498.0,8896,[2014, 2018, 2019, 2020]
Mitsubishi	Mirage G4,12,8495.0,15618.0,12833,[2017, 2018, 2019, 2020]
Mitsubishi	Outlander,28,3399.0,19994.0,11173,[2006, 2007, 2008, 2009, 2010, 2011, 2013, 2014, 2015, 2016, 2017, 2018, 2019]
Mitsubishi	Outlander Hybrid Plug-in ,1,34607.0,34607.0,34607,[2020]
Mitsubishi	Outlander Sport,33,4995.0,17995.0,14685,[2011, 2012, 2014, 2015, 2016, 2017, 2018, 2019, 2020]
Nissan	350Z,3,7999.0,19999.0,14999,[2003, 2004]
Nissan	370Z,7,19995.0,48460.0,26017,[2009, 2012, 2014, 2017, 2019]
Nissan	Altima,557,1899.0,37175.0,16292,[2003, 2004, 2005, 2006, 2007, 2008, 2009, 2010, 2011, 2012, 2013, 2014, 2015, 2016, 2017, 2018, 2019, 2020]
Nissan	Altima Coupe,4,6995.0,9800.0,8445,[2009, 2010]
Nissan	Altima Hybrid,2,5793.0,6999.0,6396,[2009, 2011]
Nissan	Armada,29,3999.0,56098.0,29324,[2005, 2006, 2010, 2011, 2012, 2013, 2015, 2017, 2019, 2020]
Nissan	Cube,2,3999.0,5300.0,4649,[2010, 2011]
Nissan	Frontier,37,5499.0,34135.0,16624,[2004, 2005, 2007, 2008, 2009, 2010, 2011, 2012, 2013, 2014, 2015, 2016, 2017, 2018, 2019, 2020]
Nissan	GT-R,2,58090.0,69795.0,63942,[2010, 2015]
Nissan	Juke,24,6800.0,18959.0,10033,[2011, 2012, 2013, 2014, 2015, 2017]
Nissan	Kicks,11,13995.0,22545.0,19432,[2018, 2019, 2020]
Nissan	LEAF,11,6995.0,45220.0,23349,[2012, 2016, 2017, 2019, 2020]
Nissan	Maxima,185,999.0,43550.0,19729,[2001, 2002, 2005, 2009, 2010, 2012, 2013, 2014, 2016, 2017, 2018, 2019, 2020]
Nissan	Murano,196,899.0,46310.0,25172,[2004, 2005, 2006, 2007, 2009, 2010, 2011, 2012, 2014, 2015, 2016, 2017, 2018, 2019, 2020]
Nissan	Murano CrossCabriolet,1,19459.0,19459.0,19459,[2014]
Nissan	NV Cargo,10,10995.0,35835.0,22093,[2012, 2014, 2015, 2016, 2017, 2020]
Nissan	NV Passenger,2,39800.0,42308.0,41054,[2019, 2020]
Nissan	NV200,18,6995.0,29998.0,16293,[2013, 2014, 2015, 2016, 2017, 2018, 2019, 2020]
Nissan	Pathfinder,187,1200.0,44240.0,20382,[1999, 2002, 2003, 2004, 2005, 2006, 2007, 2008, 2009, 2010, 2011, 2012, 2013, 2014, 2015, 2016, 2017, 2018, 2019, 2020]
Nissan	Pathfinder Hybrid,1,16000.0,16000.0,16000,[2014]
Nissan	Quest,12,2495.0,13995.0,6680,[2002, 2004, 2008, 2009, 2011, 2012, 2013, 2015]
Nissan	Rogue,631,2995.0,38080.0,18726,[2008, 2009, 2010, 2011, 2012, 2013, 2014, 2015, 2016, 2017, 2018, 2019, 2020]
Nissan	Rogue Select,11,5995.0,12995.0,8917,[2014, 2015]
Nissan	Rogue Sport,164,12900.0,34345.0,20442,[2017, 2018, 2019, 2020]
Nissan	Sentra,324,1500.0,25125.0,13044,[2002, 2003, 2005, 2006, 2007, 2008, 2009, 2010, 2011, 2012, 2013, 2014, 2015, 2016, 2017, 2018, 2019, 2020]
Nissan	Titan,24,4199.0,52332.0,20828,[2004, 2005, 2006, 2008, 2010, 2011, 2012, 2014, 2016, 2017, 2018, 2020]
Nissan	Versa,65,1899.0,21715.0,8851,[2007, 2008, 2009, 2010, 2011, 2012, 2013, 2015, 2016, 2017, 2018, 2019, 2020]
Nissan	Versa Note,20,4995.0,10755.0,7903,[2014, 2015, 2016, 2017, 2019]
Nissan	Xterra,13,4995.0,19995.0,10628,[2007, 2008, 2009, 2010, 2011, 2013, 2014, 2015]
Oldsmobile	Delta 88,1,24000.0,24000.0,24000,[1966]
Oldsmobile	Toronado,1,22995.0,22995.0,22995,[1966]
Pontiac	Firebird,1,25000.0,25000.0,25000,[1989]
Pontiac	G6,8,1500.0,5742.0,3895,[2006, 2007, 2008, 2010]
Pontiac	G8,3,17500.0,29995.0,22598,[2009]
Pontiac	GTO,1,25991.0,25991.0,25991,[2006]
Pontiac	Grand Am,1,1998.0,1998.0,1998,[1995]
Pontiac	Grand Prix,1,2499.0,2499.0,2499,[2004]
Pontiac	Sunfire,1,1299.0,1299.0,1299,[2002]
Pontiac	Vibe,9,3099.0,6495.0,4474,[2003, 2004, 2005, 2006, 2007, 2009]
Porsche	718 Boxster,3,45894.0,88995.0,68294,[2017, 2019]
Porsche	718 Cayman,5,49800.0,91995.0,71663,[2017, 2018, 2019]
Porsche	911,40,21675.0,329500.0,121619,[1987, 1989, 1991, 1995, 1996, 1997, 1999, 2004, 2007, 2009, 2010, 2014, 2015, 2016, 2017, 2018, 2019, 2020]
Porsche	912,1,105500.0,105500.0,105500,[1968]
Porsche	944,1,10995.0,10995.0,10995,[1986]
Porsche	Boxster,6,5999.0,36995.0,15992,[1997, 1999, 2003, 2004, 2006, 2011]
Porsche	Cayenne,45,8999.0,142140.0,40927,[2008, 2009, 2010, 2011, 2012, 2013, 2014, 2015, 2016, 2017, 2018, 2019, 2020]
Porsche	Cayenne E-Hybrid,5,43995.0,76900.0,59757,[2017, 2018, 2019]
Porsche	Cayman,3,38888.0,88900.0,58928,[2014, 2015, 2016]
Porsche	Macan,42,25950.0,68495.0,45969,[2015, 2016, 2017, 2018, 2019, 2020]
Porsche	Panamera,30,22995.0,127995.0,60405,[2011, 2012, 2013, 2014, 2015, 2016, 2017, 2018, 2019]
Porsche	Panamera E-Hybrid,3,76555.0,153995.0,122440,[2018]
Porsche	Panamera Hybrid,1,26995.0,26995.0,26995,[2013]
Porsche	Taycan,1,159900.0,159900.0,159900,[2020]
RAM	1500,457,4891.0,72900.0,39597,[2011, 2012, 2013, 2014, 2015, 2016, 2017, 2018, 2019, 2020]
RAM	2500,49,4980.0,66092.0,48274,[2011, 2012, 2013, 2014, 2015, 2017, 2018, 2019, 2020]
RAM	3500,17,19990.0,70370.0,47795,[2011, 2012, 2014, 2015, 2018, 2019, 2020]
RAM	3500 Chassis,9,29999.0,63425.0,48161,[2013, 2016, 2018, 2020]
RAM	4500 Chassis,2,29999.0,39999.0,34999,[2011, 2018]
RAM	5500 Chassis,11,33999.0,67115.0,52756,[2012, 2013, 2015, 2016, 2019, 2020]
RAM	C/V,2,3680.0,8900.0,6290,[2013, 2014]
RAM	ProMaster,65,12495.0,45005.0,32835,[2014, 2015, 2016, 2017, 2018, 2019, 2020, 2021]
RAM	ProMaster City,32,7777.0,30100.0,21778,[2015, 2016, 2017, 2018, 2019, 2020]
Rolls-Royce	Dawn,3,198000.0,272995.0,231998,[2016, 2017, 2018]
Rolls-Royce	Ghost,8,109000.0,218388.0,169659,[2013, 2015, 2016, 2017, 2018]
Rolls-Royce	Phantom,2,155888.0,449995.0,302941,[2011, 2018]
Rolls-Royce	Phantom Drophead Coupe,4,169995.0,359995.0,232469,[2009, 2015, 2016]
Rolls-Royce	Wraith,7,152500.0,259995.0,191967,[2014, 2015, 2016, 2017, 2018]
Saab	9-3,3,3495.0,9990.0,6827,[2006, 2010, 2011]
Saab	9-3 SportCombi,1,5895.0,5895.0,5895,[2008]
Saab	9-5,4,2500.0,17988.0,9056,[2004, 2009, 2010]
Saturn	Astra,1,5250.0,5250.0,5250,[2008]
Saturn	Aura,5,3995.0,5900.0,5055,[2007, 2008, 2009]
Saturn	ION,2,3495.0,4499.0,3997,[2003, 2004]
Saturn	Outlook,1,4995.0,4995.0,4995,[2009]
Saturn	S-Series,1,6999.0,6999.0,6999,[2001]
Saturn	Sky,1,12997.0,12997.0,12997,[2007]
Saturn	VUE,8,2499.0,5950.0,3730,[2003, 2004, 2006, 2007, 2008, 2009]
Scion	FR-S,5,11999.0,20999.0,18397,[2013, 2015]
Scion	iA,1,9995.0,9995.0,9995,[2016]
Scion	iQ,1,8991.0,8991.0,8991,[2012]
Scion	tC,10,3999.0,11999.0,8205,[2006, 2010, 2011, 2012, 2013, 2014, 2015]
Scion	xA,3,2499.0,3495.0,3131,[2004, 2005]
Scion	xB,5,3995.0,12999.0,7196,[2008, 2012, 2013]
Scion	xD,7,3099.0,5800.0,4185,[2008, 2012]
Spyker	C8,1,305500.0,305500.0,305500,[2010]
Subaru	Ascent,54,26995.0,48440.0,39038,[2019, 2020, 2021]
Subaru	B9 Tribeca,3,6695.0,9575.0,7688,[2006, 2007]
Subaru	BRZ,8,13995.0,28143.0,20485,[2013, 2017, 2020]
Subaru	Baja,5,5995.0,10590.0,8412,[2005, 2006]
Subaru	Crosstrek,173,11995.0,32694.0,24397,[2016, 2017, 2018, 2019, 2020, 2021]
Subaru	Crosstrek Hybrid,11,31995.0,36314.0,34551,[2019, 2020]
Subaru	Forester,317,2495.0,36323.0,20163,[2002, 2003, 2004, 2005, 2006, 2007, 2008, 2009, 2010, 2011, 2012, 2013, 2014, 2015, 2016, 2017, 2018, 2019, 2020]
Subaru	Impreza,204,1500.0,29428.0,16335,[1999, 2004, 2007, 2008, 2009, 2010, 2011, 2012, 2013, 2014, 2015, 2016, 2017, 2018, 2019, 2020]
Subaru	Impreza WRX,12,9999.0,18991.0,15070,[2005, 2007, 2012, 2013, 2014]
Subaru	Impreza WRX STI,2,19985.0,26999.0,23492,[2010, 2011]
Subaru	Legacy,123,2993.0,33635.0,18321,[2003, 2005, 2007, 2010, 2011, 2012, 2013, 2014, 2015, 2016, 2017, 2018, 2019, 2020]
Subaru	Outback,235,2899.0,39157.0,22865,[2001, 2005, 2006, 2007, 2008, 2009, 2010, 2011, 2012, 2013, 2014, 2015, 2016, 2017, 2018, 2019, 2020]
Subaru	Tribeca,4,7200.0,14975.0,9881,[2008, 2010, 2011]
Subaru	WRX,53,17783.0,35886.0,24845,[2015, 2016, 2017, 2018, 2019, 2020]
Subaru	WRX STI,24,23995.0,46995.0,33226,[2016, 2017, 2018, 2019, 2020]
Subaru	XV Crosstrek,34,7495.0,19995.0,12612,[2013, 2014, 2015]
Subaru	XV Crosstrek Hybrid,1,11495.0,11495.0,11495,[2014]
Suzuki	Aerio,1,3999.0,3999.0,3999,[2006]
Suzuki	Equator,1,9495.0,9495.0,9495,[2012]
Suzuki	Grand Vitara,1,5995.0,5995.0,5995,[2011]
Suzuki	SX4,6,2495.0,7499.0,5388,[2007, 2009, 2011, 2013]
Suzuki	XL-7,1,1899.0,1899.0,1899,[2002]
Tesla	Model 3,6,40995.0,52681.0,47610,[2018, 2019]
Tesla	Model S,15,35995.0,79991.0,52497,[2013, 2015, 2016, 2017, 2018, 2019]
Tesla	Model X,6,58300.0,82995.0,71779,[2016, 2018, 2019]
Toyota	4Runner,81,4999.0,49283.0,34140,[1997, 1999, 2003, 2004, 2005, 2007, 2008, 2009, 2010, 2011, 2013, 2014, 2015, 2016, 2017, 2018, 2019, 2020, 2021]
Toyota	86,3,18890.0,30566.0,25032,[2017, 2019, 2020]
Toyota	Avalon,40,1999.0,45774.0,27942,[2003, 2006, 2007, 2010, 2011, 2013, 2014, 2015, 2016, 2017, 2019, 2020, 2021]
Toyota	Avalon Hybrid,22,8995.0,46587.0,34158,[2013, 2014, 2015, 2016, 2018, 2020]
Toyota	C-HR,54,16890.0,28813.0,22291,[2018, 2019, 2020]
Toyota	Camry,537,1660.0,38996.0,20177,[1998, 1999, 2000, 2002, 2003, 2004, 2005, 2007, 2008, 2009, 2010, 2011, 2012, 2013, 2014, 2015, 2016, 2017, 2018, 2019, 2020]
Toyota	Camry Hybrid,88,2200.0,37312.0,26221,[2007, 2008, 2009, 2010, 2011, 2012, 2013, 2014, 2016, 2017, 2018, 2019, 2020]
Toyota	Camry Solara,7,1680.0,9998.0,5752,[2001, 2004, 2005, 2006, 2007]
Toyota	Celica,1,3499.0,3499.0,3499,[2003]
Toyota	Corolla,326,1995.0,27324.0,15417,[1999, 2002, 2003, 2004, 2005, 2007, 2008, 2009, 2010, 2011, 2012, 2013, 2014, 2015, 2016, 2017, 2018, 2019, 2020, 2021]
Toyota	Corolla Hatchback,15,19595.0,28242.0,23578,[2019, 2020, 2021]
Toyota	Corolla Hybrid,14,23163.0,25211.0,24578,[2020, 2021]
Toyota	Corolla iM,5,13995.0,16999.0,15927,[2017, 2018]
Toyota	ECHO,1,3599.0,3599.0,3599,[2003]
Toyota	FJ Cruiser,16,9999.0,34999.0,18351,[2007, 2010, 2012, 2014]
Toyota	Highlander,412,3995.0,51572.0,33443,[2002, 2003, 2004, 2005, 2006, 2007, 2008, 2009, 2010, 2011, 2012, 2013, 2014, 2015, 2016, 2017, 2018, 2019, 2020]
Toyota	Highlander Hybrid,58,11995.0,51718.0,41686,[2011, 2012, 2013, 2017, 2019, 2020]
Toyota	Land Cruiser,4,12242.0,87233.0,60315,[1990, 2003, 2020]
Toyota	Matrix,15,2899.0,8995.0,5999,[2004, 2005, 2008, 2009, 2010]
Toyota	Prius,91,1920.0,38217.0,17002,[2004, 2005, 2007, 2008, 2009, 2010, 2011, 2012, 2013, 2014, 2015, 2016, 2017, 2018, 2019, 2020, 2021]
Toyota	Prius Prime,175,15999.0,41954.0,29334,[2017, 2018, 2020]
Toyota	Prius c,7,4990.0,15900.0,11087,[2012, 2013, 2014, 2016, 2017]
Toyota	Prius v,11,7995.0,19499.0,12013,[2012, 2013, 2014, 2015, 2016]
Toyota	RAV4,665,3999.0,47377.0,21724,[1999, 2004, 2006, 2007, 2008, 2009, 2010, 2011, 2012, 2013, 2014, 2015, 2016, 2017, 2018, 2019, 2020]
Toyota	RAV4 Hybrid,59,13995.0,41338.0,29042,[2016, 2017, 2018, 2019, 2020]
Toyota	RAV4 Prime,1,41338.0,41338.0,41338,[2021]
Toyota	Sequoia,21,3077.0,71373.0,39167,[2001, 2004, 2007, 2008, 2013, 2018, 2020]
Toyota	Sienna,180,1980.0,50699.0,23476,[1999, 2003, 2004, 2005, 2006, 2007, 2008, 2009, 2010, 2011, 2012, 2013, 2014, 2015, 2016, 2017, 2018, 2019, 2020]
Toyota	Supra,26,47535.0,61899.0,55442,[2020, 2021]
Toyota	Tacoma,131,4999.0,46344.0,31397,[1999, 2002, 2004, 2007, 2008, 2009, 2010, 2011, 2013, 2014, 2015, 2016, 2017, 2018, 2019, 2020, 2021]
Toyota	Tundra,64,4499.0,56991.0,33104,[2002, 2004, 2005, 2006, 2007, 2008, 2010, 2014, 2015, 2016, 2017, 2018, 2019, 2020, 2021]
Toyota	Venza,21,7999.0,42869.0,24318,[2009, 2010, 2011, 2012, 2013, 2014, 2015, 2021]
Toyota	Yaris,29,1989.0,19705.0,14026,[2007, 2008, 2009, 2012, 2015, 2016, 2017, 2018, 2019, 2020]
Toyota	Yaris iA,5,11959.0,14336.0,13121,[2017, 2018]
Volkswagen	Arteon,8,36894.0,45672.0,40588,[2019, 2020]
Volkswagen	Atlas,99,22990.0,51964.0,39369,[2018, 2019, 2021]
Volkswagen	Atlas Cross Sport,83,31981.0,51530.0,41975,[2020]
Volkswagen	Beetle,17,2899.0,21390.0,10439,[1999, 2003, 2008, 2009, 2010, 2012, 2013, 2014, 2015, 2017, 2018, 2019]
Volkswagen	CC,7,4995.0,10990.0,8115,[2010, 2011, 2012, 2013]
Volkswagen	Cabrio,1,1699.0,1699.0,1699,[2002]
Volkswagen	Eos,1,16975.0,16975.0,16975,[2014]
Volkswagen	GTI,45,7495.0,38874.0,24655,[2008, 2012, 2013, 2015, 2016, 2017, 2018, 2019, 2020]
Volkswagen	Golf,28,1999.0,25709.0,16763,[2000, 2011, 2013, 2015, 2016, 2017, 2018, 2019, 2020]
Volkswagen	Golf Alltrack,24,17949.0,33149.0,26492,[2017, 2018, 2019]
Volkswagen	Golf R,3,15990.0,29990.0,21636,[2013, 2015, 2017]
Volkswagen	Golf SportWagen,15,8999.0,23999.0,16973,[2015, 2016, 2017, 2019]
Volkswagen	Jetta,348,2999.0,29659.0,16354,[2004, 2005, 2007, 2008, 2009, 2010, 2011, 2012, 2013, 2014, 2015, 2016, 2017, 2018, 2019, 2020]
Volkswagen	Jetta GLI,13,22813.0,32705.0,28106,[2019, 2020]
Volkswagen	Jetta Hybrid,2,8975.0,8995.0,8985,[2013, 2014]
Volkswagen	Jetta SportWagen,14,3499.0,14107.0,10630,[2009, 2011, 2012, 2013, 2014]
Volkswagen	Passat,190,3500.0,33069.0,19361,[2002, 2005, 2006, 2010, 2012, 2013, 2014, 2015, 2016, 2017, 2018, 2019, 2020]
Volkswagen	R32,3,11499.0,13975.0,12764,[2008]
Volkswagen	Rabbit,3,4293.0,8995.0,5893,[2008, 2009]
Volkswagen	Routan,5,4999.0,10990.0,8135,[2009, 2010, 2011, 2014]
Volkswagen	Super Beetle,1,19995.0,19995.0,19995,[1978]
Volkswagen	Tiguan,270,5550.0,41524.0,25352,[2009, 2010, 2011, 2012, 2013, 2014, 2015, 2016, 2017, 2018, 2019, 2020]
Volkswagen	Touareg,8,5990.0,28995.0,17255,[2004, 2010, 2013, 2014, 2015, 2017]
Volkswagen	Touareg 2,1,9990.0,9990.0,9990,[2009]
Volkswagen	e-Golf,3,12995.0,39925.0,23638,[2015, 2019]
Volvo	C30,1,5700.0,5700.0,5700,[2008]
Volvo	C70,3,4250.0,8975.0,6675,[2004, 2008, 2009]
Volvo	S40,3,3920.0,4999.0,4306,[2006, 2009]
Volvo	S60,128,2495.0,52485.0,34033,[2004, 2006, 2008, 2011, 2012, 2013, 2014, 2015, 2017, 2018, 2019, 2020, 2021]
Volvo	S80,10,3995.0,10899.0,6632,[2007, 2008, 2009, 2010, 2011, 2013]
Volvo	S90,21,25499.0,65890.0,46281,[2017, 2018, 2019, 2020]
Volvo	V50,1,3699.0,3699.0,3699,[2005]
Volvo	V60,50,7499.0,53725.0,43931,[2015, 2016, 2017, 2018, 2020]
Volvo	V90,12,36033.0,63250.0,52567,[2017, 2018, 2019, 2020]
Volvo	XC,1,1799.0,1799.0,1799,[2002]
Volvo	XC40,61,28575.0,48060.0,43404,[2019, 2020, 2021]
Volvo	XC60,245,7995.0,71710.0,49724,[2010, 2011, 2013, 2015, 2016, 2017, 2018, 2019, 2020, 2021]
Volvo	XC70,12,1980.0,26788.0,9870,[2003, 2004, 2007, 2009, 2010, 2011, 2012, 2015, 2016]
Volvo	XC90,186,1999.0,91535.0,53827,[2004, 2005, 2006, 2007, 2008, 2009, 2013, 2014, 2016, 2017, 2018, 2019, 2020, 2021]
smart	fortwo,8,2595.0,13888.0,9316,[2008, 2009, 2014, 2016, 2017]
